YEAR,RANK,MOVEMENT,PLAYER_ID,PLAYER,COMBINED RANK,CARRY EFFICIENCY RANK,TOTAL DIST. EFFIC. RANK
2013,1,0,22405,Justin Rose,5,1,4
2013,2,0,22792,Peter Hanson,6,4,2
2013,3,0,23325,Vaughn Taylor,10,5,5
2013,4,0,29420,Billy Horschel,12,5,7
2013,5,0,6522,Ernie Els,17,2,15
2013,5,0,21878,Mark Wilson,17,9,8
2013,7,0,24781,Hunter Mahan,22,3,19
2013,8,0,28780,Nicholas Thompson,24,10,14
2013,9,0,23452,Nicolas Colsaerts,28,8,20
2013,10,0,24140,Sean O'Hair,36,5,31
2013,11,0,23541,Ben Crane,37,15,22
2013,11,0,27644,Brian Harman,37,13,24
2013,13,0,26758,David Hearn,38,11,27
2013,13,0,6527,Steve Stricker,38,35,3
2013,15,0,26476,Chez Reavie,40,29,11
2013,16,0,22806,Doug LaBelle II,41,26,15
2013,17,0,1724,Jeff Maggert,44,39,5
2013,17,0,2206,David Toms,44,16,28
2013,19,0,21753,Brian Davis,47,39,8
2013,20,0,34021,Bud Cauley,50,18,32
2013,20,0,30926,Chris Kirk,50,12,38
2013,22,0,24024,Zach Johnson,51,29,22
2013,23,0,25562,Andres Romero,56,13,43
2013,24,0,23320,Ryan Palmer,60,18,42
2013,24,0,23623,Bo Van Pelt,60,23,37
2013,26,0,33141,Keegan Bradley,65,18,47
2013,27,0,33461,Morgan Hoffmann,66,51,15
2013,28,0,25818,Scott Piercy,70,37,33
2013,29,0,30925,Dustin Johnson,73,33,40
2013,29,0,22295,Darron Stiles,73,65,8
2013,31,0,19846,Brian Gay,74,56,18
2013,32,0,23135,Tim Clark,75,74,1
2013,32,0,21099,David Lynn,75,62,13
2013,32,0,32150,Michael Thompson,75,41,34
2013,35,0,26679,Kevin Stadler,83,32,51
2013,36,0,20443,Jin Park,84,41,43
2013,37,0,28307,Matt Every,86,43,43
2013,37,0,27649,Brandt Snedeker,86,37,49
2013,39,0,25345,Carl Pettersson,88,48,40
2013,40,0,21528,Henrik Stenson,93,35,58
2013,41,0,25274,Steven Bowditch,99,31,68
2013,42,0,34098,Russell Henley,101,21,80
2013,43,0,24138,Ian Poulter,103,91,12
2013,44,0,30692,Scott Stallings,104,23,81
2013,45,0,31560,Brian Stuard,111,48,63
2013,46,0,24399,Scott Gardiner,114,56,58
2013,46,0,29518,Brendan Steele,114,54,60
2013,48,0,26596,Ryan Moore,115,94,21
2013,48,0,34046,Jordan Spieth,115,86,29
2013,50,0,26497,Casey Wittenberg,117,56,61
2013,51,0,27330,Josh Teater,118,21,97
2013,52,0,27895,Jonas Blixt,120,43,77
2013,52,0,27936,Martin Laird,120,25,95
2013,54,0,23621,Rory Sabbatini,123,26,97
2013,55,0,1810,Phil Mickelson,126,71,55
2013,56,0,32448,James Hahn,129,26,103
2013,57,0,30110,Kyle Stanley,130,46,84
2013,58,0,28310,Lee Williams,134,88,46
2013,59,0,25834,Daniel Summerhays,136,112,24
2013,60,0,28135,Aaron Watkins,137,76,61
2013,61,0,28089,Jason Day,138,16,122
2013,61,0,10860,Justin Leonard,138,109,29
2013,63,0,29479,Scott Brown,141,71,70
2013,63,0,23788,D.J. Trahan,141,107,34
2013,63,0,20396,Lee Westwood,141,68,73
2013,66,0,34174,John Huh,143,88,55
2013,67,0,33418,Shawn Stefani,145,54,91
2013,68,0,23353,J.J. Henry,147,59,88
2013,68,0,12716,Charley Hoffman,147,70,77
2013,68,0,27120,Troy Matteson,147,59,88
2013,71,0,1320,Bob Estes,148,114,34
2013,71,0,23108,Matt Kuchar,148,94,54
2013,73,0,26331,Charl Schwartzel,152,68,84
2013,74,0,29425,Andrew Svoboda,155,104,51
2013,75,0,25572,Graeme McDowell,156,93,63
2013,75,0,22046,Geoff Ogilvy,156,48,108
2013,77,0,26289,Boo Weekley,158,107,51
2013,78,0,30750,Tommy Gainey,159,51,108
2013,78,0,34409,David Lingmerth,159,71,88
2013,80,0,27933,John Merrick,162,138,24
2013,80,0,6567,Vijay Singh,162,94,68
2013,82,0,30944,Jason Kokrak,167,104,63
2013,83,0,20766,Padraig Harrington,168,62,106
2013,83,0,25240,D.A. Points,168,129,39
2013,85,0,23800,Bryce Molder,171,122,49
2013,85,0,8793,Tiger Woods,171,33,138
2013,87,0,22913,John Rollins,172,77,95
2013,88,0,22056,Cameron Percy,173,103,70
2013,88,0,27963,Chris Stroud,173,51,122
2013,90,0,24227,Justin Bolli,174,82,92
2013,91,0,22621,Ben Curtis,175,94,81
2013,92,0,6573,Brandt Jobe,176,74,102
2013,93,0,30163,Henrik Norlander,177,43,134
2013,93,0,20160,Charlie Wi,177,114,63
2013,95,0,12782,Tim Herron,178,77,101
2013,96,0,28237,Rory McIlroy,179,64,115
2013,97,0,31557,Jim Herman,182,119,63
2013,98,0,25900,Lucas Glover,183,110,73
2013,99,0,32102,Rickie Fowler,185,65,120
2013,100,0,24663,Y.E. Yang,193,116,77
2013,101,0,25336,Alistair Presnell,195,98,97
2013,102,0,24924,Bill Haas,197,82,115
2013,103,0,10885,Robert Allenby,198,77,121
2013,104,0,32366,Kevin Chappell,199,88,111
2013,105,0,8075,Jerry Kelly,200,130,70
2013,105,0,27214,Kevin Streelman,200,127,73
2013,107,0,22961,David Mathis,202,110,92
2013,108,0,27436,Graham DeLaet,205,46,159
2013,109,0,24494,Erik Compton,208,116,92
2013,110,0,35539,Luke Guthrie,210,67,143
2013,111,0,29740,Brad Fritsch,213,102,111
2013,112,0,34261,Scott Langley,216,169,47
2013,113,0,24357,K.J. Choi,217,160,57
2013,113,0,25686,Jason Dufner,217,144,73
2013,115,0,23983,Luke Donald,218,82,136
2013,115,0,21961,Charles Howell III,218,100,118
2013,117,0,31202,William McGirt,220,86,134
2013,117,0,24502,Adam Scott,220,136,84
2013,119,0,28475,Jeff Overton,223,101,122
2013,119,0,10213,Dicky Pride,223,142,81
2013,121,0,28679,Fabián Gómez,224,140,84
2013,122,0,25804,Bubba Watson,226,123,103
2013,123,0,27408,Martin Kaymer,227,80,147
2013,124,0,24358,Robert Garrigus,229,59,170
2013,125,0,34099,Harris English,230,81,149
2013,126,0,20098,Stuart Appleby,232,125,107
2013,127,0,20593,Greg Chalmers,240,140,100
2013,127,0,29221,Webb Simpson,240,125,115
2013,129,0,28500,Martin Flores,241,123,118
2013,129,0,34360,Patrick Reed,241,98,143
2013,131,0,26851,Marc Leishman,243,82,161
2013,132,0,25632,Jimmy Walker,245,119,126
2013,133,0,27129,Luke List,255,104,151
2013,134,0,30711,Colt Knost,259,148,111
2013,134,0,29289,S.Y. Noh,259,91,168
2013,136,0,36884,Ben Kohles,262,130,132
2013,137,0,32200,Roberto Castro,269,112,157
2013,137,0,28455,Will Claxton,269,138,131
2013,137,0,25444,Justin Hicks,269,158,111
2013,140,0,35139,Richard Lee,271,135,136
2013,141,0,24490,George McNeill,273,127,146
2013,142,0,27503,Steve LeBrun,274,119,155
2013,143,0,10809,Jim Furyk,275,147,128
2013,143,0,20572,Rod Pampling,275,172,103
2013,145,0,31323,Gary Woodland,277,130,147
2013,146,0,23497,Tag Ridings,278,137,141
2013,147,0,27556,Ted Potter Jr.,280,158,122
2013,148,0,28259,Sangmoon Bae,281,153,128
2013,149,0,20848,Ángel Cabrera,282,130,152
2013,150,0,12510,Chad Campbell,283,156,127
2013,150,0,33869,Eric Meierdierks,283,118,165
2013,152,0,20104,Ken Duke,284,176,108
2013,153,0,26951,Johnson Wagner,288,143,145
2013,154,0,22371,Aaron Baddeley,291,149,142
2013,155,0,28092,D.H. Lee,295,155,140
2013,156,0,24507,Jason Bohn,296,144,152
2013,156,0,34431,Robert Streb,296,168,128
2013,158,0,26300,Matt Jones,297,134,163
2013,159,0,30852,Ryo Ishikawa,298,149,149
2013,160,0,19970,Robert Karlsson,300,144,156
2013,161,0,27770,Camilo Villegas,306,173,133
2013,162,0,6004,Stephen Ames,312,174,138
2013,163,0,27095,Nick Watney,318,152,166
2013,164,0,23638,Brendon de Jonge,320,166,154
2013,165,0,20229,Stewart Cink,322,153,169
2013,166,0,37273,Derek Ernst,323,160,163
2013,167,0,23409,James Driscoll,324,149,175
2013,168,0,20691,Greg Owen,325,163,162
2013,169,0,1116,Michael Bradley,329,157,172
2013,170,0,21731,Freddie Jacobson,336,178,158
2013,171,0,8725,Tom Gillis,337,177,160
2013,171,0,33419,Cameron Tringale,337,164,173
2013,173,0,21209,Sergio Garcia,338,162,176
2013,174,0,20645,John Senden,342,171,171
2013,174,0,10423,Mike Weir,342,175,167
2013,176,0,32334,Charlie Beljan,343,165,178
2013,176,0,24361,Pat Perez,343,166,177
2013,178,0,32698,Bobby Gates,344,170,174
2013,179,0,24846,Ricky Barnes,358,179,179
2013,180,0,22378,Trevor Immelman,360,180,180
2014,1,0,34021,Bud Cauley,4,2,2
2014,2,0,24781,Hunter Mahan,6,3,3
2014,3,0,29221,Webb Simpson,9,8,1
2014,4,0,1706,Davis Love III,11,5,6
2014,5,0,21878,Mark Wilson,16,7,9
2014,6,0,6522,Ernie Els,28,22,6
2014,6,0,32839,Hideki Matsuyama,28,17,11
2014,8,0,23320,Ryan Palmer,30,6,24
2014,9,0,29420,Billy Horschel,32,8,24
2014,9,0,22046,Geoff Ogilvy,32,17,15
2014,11,0,24024,Zach Johnson,37,34,3
2014,11,0,27330,Josh Teater,37,15,22
2014,13,0,21753,Brian Davis,38,29,9
2014,14,0,33461,Morgan Hoffmann,39,12,27
2014,15,0,34046,Jordan Spieth,43,38,5
2014,16,0,23541,Ben Crane,48,19,29
2014,16,0,35732,Wes Roach,48,24,24
2014,18,0,24912,Will MacKenzie,49,20,29
2014,19,0,28780,Nicholas Thompson,53,34,19
2014,20,0,24924,Bill Haas,54,25,29
2014,21,0,28089,Jason Day,55,1,54
2014,21,0,27141,J.B. Holmes,55,10,45
2014,21,0,30926,Chris Kirk,55,20,35
2014,24,0,6567,Vijay Singh,58,13,45
2014,25,0,27644,Brian Harman,63,51,12
2014,25,0,22293,Heath Slocum,63,55,8
2014,25,0,25349,Tim Wilkinson,63,43,20
2014,28,0,30925,Dustin Johnson,64,22,42
2014,28,0,30692,Scott Stallings,64,16,48
2014,30,0,27936,Martin Laird,67,32,35
2014,31,0,1724,Jeff Maggert,69,51,18
2014,31,0,25632,Jimmy Walker,69,56,13
2014,33,0,24140,Sean O'Hair,71,4,67
2014,34,0,22405,Justin Rose,72,11,61
2014,35,0,29535,Brice Garnett,78,49,29
2014,36,0,26758,David Hearn,80,45,35
2014,37,0,25804,Bubba Watson,81,26,55
2014,38,0,24138,Ian Poulter,86,45,41
2014,39,0,27895,Jonas Blixt,87,67,20
2014,40,0,26596,Ryan Moore,92,78,14
2014,40,0,27649,Brandt Snedeker,92,37,55
2014,42,0,29461,Jamie Lovemark,93,29,64
2014,43,0,27963,Chris Stroud,97,70,27
2014,44,0,22621,Ben Curtis,99,66,33
2014,45,0,25345,Carl Pettersson,100,67,33
2014,46,0,35139,Richard Lee,103,40,63
2014,47,0,34409,David Lingmerth,104,31,73
2014,48,0,23135,Tim Clark,105,88,17
2014,49,0,19846,Brian Gay,108,86,22
2014,50,0,26679,Kevin Stadler,109,60,49
2014,51,0,32200,Roberto Castro,110,59,51
2014,51,0,26329,Louis Oosthuizen,110,75,35
2014,53,0,12716,Charley Hoffman,112,26,86
2014,54,0,30750,Tommy Gainey,113,60,53
2014,55,0,33141,Keegan Bradley,115,32,83
2014,55,0,23623,Bo Van Pelt,115,56,59
2014,57,0,23353,J.J. Henry,116,43,73
2014,58,0,29479,Scott Brown,117,70,47
2014,58,0,34098,Russell Henley,117,14,103
2014,60,0,32448,James Hahn,118,40,78
2014,61,0,10885,Robert Allenby,119,84,35
2014,62,0,33419,Cameron Tringale,122,70,52
2014,63,0,28237,Rory McIlroy,125,64,61
2014,63,0,29518,Brendan Steele,125,47,78
2014,65,0,24357,K.J. Choi,130,115,15
2014,66,0,28132,Tyrone Van Aswegen,134,56,78
2014,67,0,25562,Andres Romero,137,70,67
2014,68,0,34563,Chesson Hadley,141,74,67
2014,69,0,30110,Kyle Stanley,142,38,104
2014,70,0,28092,D.H. Lee,144,54,90
2014,71,0,27436,Graham DeLaet,145,36,109
2014,72,0,21961,Charles Howell III,147,69,78
2014,72,0,2206,David Toms,147,47,100
2014,74,0,23108,Matt Kuchar,149,92,57
2014,75,0,32102,Rickie Fowler,150,42,108
2014,75,0,25444,Justin Hicks,150,108,42
2014,77,0,27120,Troy Matteson,153,81,72
2014,78,0,31560,Brian Stuard,159,101,58
2014,79,0,25900,Lucas Glover,160,111,49
2014,79,0,35300,Andrew Loupe,160,53,107
2014,81,0,29478,Kevin Kisner,163,93,70
2014,82,0,25274,Steven Bowditch,165,101,64
2014,82,0,31557,Jim Herman,165,101,64
2014,82,0,8075,Jerry Kelly,165,123,42
2014,85,0,29740,Brad Fritsch,168,49,119
2014,86,0,29926,Danny Lee,172,86,86
2014,86,0,26851,Marc Leishman,172,75,97
2014,88,0,27770,Camilo Villegas,174,101,73
2014,89,0,27214,Kevin Streelman,176,77,99
2014,90,0,12510,Chad Campbell,177,91,86
2014,90,0,25240,D.A. Points,177,60,117
2014,92,0,24358,Robert Garrigus,179,65,114
2014,93,0,30944,Jason Kokrak,181,98,83
2014,93,0,1810,Phil Mickelson,181,28,153
2014,93,0,30927,Brendon Todd,181,122,59
2014,96,0,20848,Ángel Cabrera,184,60,124
2014,97,0,25834,Daniel Summerhays,185,115,70
2014,98,0,23621,Rory Sabbatini,194,109,85
2014,99,0,34174,John Huh,195,95,100
2014,100,0,26300,Matt Jones,199,95,104
2014,101,0,26951,Johnson Wagner,200,89,111
2014,102,0,34099,Harris English,201,81,120
2014,103,0,34261,Scott Langley,204,169,35
2014,104,0,32640,Troy Merritt,208,115,93
2014,105,0,20157,Retief Goosen,209,84,125
2014,105,0,20160,Charlie Wi,209,123,86
2014,107,0,24925,Jonathan Byrd,215,78,137
2014,108,0,28475,Jeff Overton,217,141,76
2014,108,0,34360,Patrick Reed,217,81,136
2014,110,0,35539,Luke Guthrie,219,97,122
2014,111,0,10860,Justin Leonard,220,142,78
2014,112,0,31193,Jim Renner,221,90,131
2014,113,0,32150,Michael Thompson,226,93,133
2014,114,0,25720,Chad Collins,227,131,96
2014,114,0,10809,Jim Furyk,227,150,77
2014,116,0,33418,Shawn Stefani,230,101,129
2014,117,0,24507,Jason Bohn,231,129,102
2014,118,0,25572,Graeme McDowell,234,109,125
2014,118,0,31202,William McGirt,234,144,90
2014,118,0,34265,Will Wilcox,234,101,133
2014,121,0,23800,Bryce Molder,236,146,90
2014,122,0,36689,Brooks Koepka,238,78,160
2014,122,0,34431,Robert Streb,238,113,125
2014,124,0,20396,Lee Westwood,239,119,120
2014,125,0,7867,Woody Austin,244,127,117
2014,126,0,27408,Martin Kaymer,245,134,111
2014,127,0,29222,Billy Hurley III,249,154,95
2014,128,0,22371,Aaron Baddeley,250,98,152
2014,129,0,21528,Henrik Stenson,252,139,113
2014,130,0,32366,Kevin Chappell,254,115,139
2014,130,0,27933,John Merrick,254,160,94
2014,130,0,35541,John Peterson,254,111,143
2014,133,0,26956,Bronson La'Cassie,258,119,139
2014,134,0,33122,Russell Knox,261,164,97
2014,135,0,23983,Luke Donald,262,101,161
2014,135,0,27095,Nick Watney,262,113,149
2014,137,0,29289,S.Y. Noh,263,98,165
2014,138,0,24494,Erik Compton,265,123,142
2014,138,0,24502,Adam Scott,265,135,130
2014,138,0,29425,Andrew Svoboda,265,142,123
2014,141,0,20593,Greg Chalmers,272,158,114
2014,141,0,27466,Spencer Levin,272,168,104
2014,143,0,33413,Ben Martin,273,140,133
2014,144,0,24663,Y.E. Yang,274,165,109
2014,145,0,34264,Hudson Swafford,275,121,154
2014,146,0,28486,Michael Putnam,279,136,143
2014,147,0,28259,Sangmoon Bae,282,151,131
2014,148,0,28500,Martin Flores,283,132,151
2014,149,0,26289,Boo Weekley,284,146,138
2014,150,0,28307,Matt Every,286,123,163
2014,151,0,27064,Jhonattan Vegas,287,128,159
2014,152,0,20104,Ken Duke,289,175,114
2014,153,0,37273,Derek Ernst,290,132,158
2014,154,0,25396,Kevin Na,291,148,143
2014,155,0,27556,Ted Potter Jr.,295,156,139
2014,155,0,10423,Mike Weir,295,170,125
2014,155,0,31323,Gary Woodland,295,129,166
2014,158,0,20645,John Senden,297,154,143
2014,159,0,24490,George McNeill,305,156,149
2014,159,0,22913,John Rollins,305,144,161
2014,161,0,25191,Gonzalo Fernandez-Castaño,306,138,168
2014,162,0,20098,Stuart Appleby,307,152,155
2014,163,0,20229,Stewart Cink,310,137,173
2014,164,0,32333,Kevin Tway,315,158,157
2014,165,0,24846,Ricky Barnes,320,173,147
2014,166,0,22378,Trevor Immelman,321,174,147
2014,167,0,30852,Ryo Ishikawa,322,153,169
2014,168,0,32334,Charlie Beljan,323,148,175
2014,169,0,26331,Charl Schwartzel,330,163,167
2014,170,0,25686,Jason Dufner,331,176,155
2014,171,0,20498,Briny Baird,333,170,163
2014,171,0,25364,Paul Casey,333,162,171
2014,173,0,24361,Pat Perez,334,165,169
2014,174,0,23409,James Driscoll,338,161,177
2014,175,0,21209,Sergio Garcia,340,165,175
2014,176,0,23638,Brendon de Jonge,344,172,172
2014,177,0,21731,Freddie Jacobson,351,177,174
2022,1,0,50095,Austin Smotherman,6,3,3
2022,2,0,33141,Keegan Bradley,8,1,7
2022,3,0,31646,Emiliano Grillo,9,5,4
2022,4,0,33448,Justin Thomas,21,7,14
2022,5,0,32448,James Hahn,22,9,13
2022,6,0,30926,Chris Kirk,24,17,7
2022,7,0,37189,Harold Varner III,26,15,11
2022,8,0,22056,Cameron Percy,27,2,25
2022,9,0,29221,Webb Simpson,30,23,7
2022,10,0,29908,C.T. Pan,36,31,5
2022,11,0,27644,Brian Harman,37,12,25
2022,12,0,23325,Vaughn Taylor,40,35,5
2022,13,0,54783,Dylan Wu,42,21,21
2022,14,0,12716,Charley Hoffman,43,36,7
2022,15,0,32640,Troy Merritt,45,26,19
2022,16,0,51890,Greyson Sigg,51,5,46
2022,17,0,32839,Hideki Matsuyama,56,39,17
2022,18,0,35461,Beau Hossler,58,28,30
2022,18,0,25198,Francesco Molinari,58,23,35
2022,20,0,34046,Jordan Spieth,61,26,35
2022,21,0,45526,Abraham Ancer,63,61,2
2022,22,0,35891,Cameron Smith,67,15,52
2022,23,0,28775,Nate Lashley,68,57,11
2022,23,0,39324,J.J. Spaun,68,31,37
2022,25,0,29518,Brendan Steele,73,43,30
2022,26,0,32150,Michael Thompson,74,45,29
2022,27,0,27214,Kevin Streelman,75,45,30
2022,28,0,47504,Sam Burns,79,10,69
2022,29,0,20229,Stewart Cink,80,28,52
2022,29,0,45609,Tyler Duncan,80,39,41
2022,31,0,32791,K.H. Lee,81,57,24
2022,32,0,39436,Joshua Creel,84,70,14
2022,33,0,33667,Carlos Ortiz,86,48,38
2022,34,0,47128,Richy Werenski,88,39,49
2022,35,0,49960,Sepp Straka,91,11,80
2022,36,0,24924,Bill Haas,93,28,65
2022,36,0,23108,Matt Kuchar,93,66,27
2022,36,0,28237,Rory McIlroy,93,4,89
2022,36,0,24138,Ian Poulter,93,76,17
2022,40,0,27895,Jonas Blixt,98,18,80
2022,40,0,45157,Cam Davis,98,8,90
2022,40,0,26476,Chez Reavie,98,79,19
2022,43,0,46717,Viktor Hovland,100,72,28
2022,44,0,34363,Tyrrell Hatton,103,43,60
2022,44,0,32757,Patton Kizzire,103,57,46
2022,44,0,36852,Jim Knous,103,36,67
2022,47,0,33399,Adam Hadwin,104,82,22
2022,48,0,34098,Russell Henley,105,83,22
2022,48,0,47983,Chad Ramey,105,31,74
2022,50,0,27974,Sung Kang,109,55,54
2022,50,0,33204,Shane Lowry,109,53,56
2022,50,0,32139,Danny Willett,109,53,56
2022,50,0,49964,Aaron Wise,109,21,88
2022,54,0,35450,Patrick Cantlay,111,13,98
2022,55,0,32102,Rickie Fowler,113,36,77
2022,56,0,34255,Joseph Bramlett,122,18,104
2022,56,0,35506,Mackenzie Hughes,122,51,71
2022,58,0,47988,Nick Hardy,124,57,67
2022,59,0,25900,Lucas Glover,125,109,16
2022,59,0,39971,Sungjae Im,125,48,77
2022,61,0,52375,Doug Ghim,126,88,38
2022,61,0,54628,Lee Hodges,126,72,54
2022,63,0,19803,Ryan Armour,128,127,1
2022,63,0,30692,Scott Stallings,128,72,56
2022,65,0,49766,Hank Lebioda,129,64,65
2022,66,0,32366,Kevin Chappell,130,23,107
2022,67,0,47483,Will Zalatoris,131,45,86
2022,68,0,29535,Brice Garnett,134,85,49
2022,68,0,24024,Zach Johnson,134,93,41
2022,70,0,30944,Jason Kokrak,135,20,115
2022,71,0,34174,John Huh,137,104,33
2022,71,0,35449,Adam Long,137,66,71
2022,71,0,50525,Collin Morikawa,137,13,124
2022,74,0,49771,J.T. Poston,138,61,77
2022,75,0,35532,Tom Hoge,139,79,60
2022,76,0,23621,Rory Sabbatini,142,93,49
2022,77,0,30927,Brendon Todd,143,100,43
2022,78,0,51950,Max McGreevy,146,66,80
2022,79,0,25493,Nick Taylor,148,79,69
2022,80,0,31420,Anirban Lahiri,150,76,74
2022,81,0,40250,Taylor Pendrith,151,55,96
2022,82,0,24925,Jonathan Byrd,156,85,71
2022,83,0,55708,Hayden Buckley,158,98,60
2022,84,0,29478,Kevin Kisner,159,72,87
2022,85,0,26851,Marc Leishman,160,70,90
2022,85,0,47993,Denny McCarthy,160,100,60
2022,87,0,36326,David Lipsky,162,102,60
2022,88,0,47995,Davis Riley,167,66,101
2022,89,0,33486,Roger Sloan,169,39,130
2022,89,0,48887,Matt Wallace,169,89,80
2022,91,0,46435,Austin Cook,170,137,33
2022,92,0,33122,Russell Knox,171,112,59
2022,93,0,31560,Brian Stuard,172,129,43
2022,94,0,46970,Jon Rahm,174,61,113
2022,95,0,25818,Scott Piercy,175,135,40
2022,96,0,36689,Brooks Koepka,176,48,128
2022,97,0,48117,Kurt Kitayama,187,51,136
2022,98,0,54421,Garrick Higgo,191,76,115
2022,98,0,22405,Justin Rose,191,93,98
2022,100,0,56278,Matthew Wolff,196,64,132
2022,101,0,40162,Justin Lower,200,89,111
2022,102,0,35879,Kelly Kraft,203,160,43
2022,103,0,34563,Chesson Hadley,206,99,107
2022,104,0,23320,Ryan Palmer,207,85,122
2022,104,0,52374,Brandon Wu,207,114,93
2022,106,0,29974,Branden Grace,211,165,46
2022,107,0,30911,Tommy Fleetwood,212,34,178
2022,108,0,45522,Christiaan Bezuidenhout,215,102,113
2022,108,0,46442,Maverick McNealy,215,122,93
2022,110,0,33597,Harry Higgs,217,113,104
2022,111,0,51997,Andrew Novak,221,141,80
2022,112,0,51766,Wyndham Clark,223,84,139
2022,113,0,32816,Satoshi Kodaira,224,120,104
2022,114,0,25686,Jason Dufner,226,129,97
2022,115,0,29725,Tony Finau,227,109,118
2022,115,0,34264,Hudson Swafford,227,116,111
2022,117,0,27649,Brandt Snedeker,230,123,107
2022,118,0,47856,Seth Reeves,231,106,125
2022,119,0,34076,Joel Dahmen,232,137,95
2022,120,0,37212,Paul Barjon,235,114,121
2022,121,0,46046,Scottie Scheffler,238,91,147
2022,122,0,27770,Camilo Villegas,242,168,74
2022,123,0,26300,Matt Jones,244,146,98
2022,124,0,28089,Jason Day,247,107,140
2022,124,0,29289,S.Y. Noh,247,96,151
2022,126,0,45540,Jared Wolfe,248,104,144
2022,127,0,27064,Jhonattan Vegas,249,108,141
2022,128,0,46402,Talor Gooch,254,129,125
2022,129,0,39997,Corey Conners,255,133,122
2022,129,0,40098,Matt Fitzpatrick,255,154,101
2022,129,0,57366,Cameron Young,255,118,137
2022,132,0,39953,Chase Seiffert,256,164,92
2022,133,0,36799,Stephan Jaeger,257,91,166
2022,133,0,37455,Si Woo Kim,257,177,80
2022,133,0,27936,Martin Laird,257,127,130
2022,136,0,33490,Bo Hoag,259,152,107
2022,137,0,29926,Danny Lee,261,129,132
2022,137,0,36699,Patrick Rodgers,261,160,101
2022,139,0,35110,Brett Drewitt,264,126,138
2022,140,0,46601,Trey Mullinax,265,96,169
2022,141,0,39546,Keith Mitchell,266,111,155
2022,142,0,36871,Matthew NeSmith,268,116,152
2022,143,0,34466,Peter Malnati,269,135,134
2022,144,0,49298,Kramer Hickok,270,145,125
2022,145,0,29420,Billy Horschel,277,123,154
2022,146,0,45486,Joaquin Niemann,279,119,160
2022,147,0,34431,Robert Streb,282,148,134
2022,148,0,40006,Erik van Rooyen,286,141,145
2022,149,0,27349,Alex Noren,287,141,146
2022,150,0,35310,Lanto Griffin,289,148,141
2022,151,0,29970,Dylan Frittelli,290,141,149
2022,152,0,48084,Wesley Bryan,291,120,171
2022,152,0,21961,Charles Howell III,291,173,118
2022,154,0,51634,Sahith Theegala,293,173,120
2022,155,0,46340,Alex Smalley,295,180,115
2022,156,0,30163,Henrik Norlander,297,139,158
2022,156,0,48081,Xander Schauffele,297,133,164
2022,158,0,24980,Scott Gutschewski,298,170,128
2022,159,0,33419,Cameron Tringale,307,155,152
2022,160,0,30978,Kiradech Aphibarnrat,309,160,149
2022,160,0,31323,Gary Woodland,309,139,170
2022,162,0,37275,Sam Ryder,310,147,163
2022,163,0,24502,Adam Scott,312,148,164
2022,164,0,32662,Michael Gligic,313,158,155
2022,165,0,34610,Matthias Schwab,314,167,147
2022,166,0,39058,Lucas Herbert,316,123,193
2022,167,0,27129,Luke List,322,160,162
2022,168,0,48699,Callum Tarren,324,165,159
2022,169,0,49947,Taylor Moore,325,184,141
2022,170,0,46550,Brandon Hagy,326,153,173
2022,171,0,32333,Kevin Tway,328,157,171
2022,172,0,23983,Luke Donald,332,171,161
2022,172,0,47529,Mito Pereira,332,177,155
2022,172,0,35617,Martin Trainer,332,148,184
2022,175,0,39977,Max Homa,336,168,168
2022,176,0,53165,Doc Redman,341,158,183
2022,177,0,40115,Adam Svensson,344,177,167
2022,177,0,10381,Curtis Thompson,344,156,188
2022,179,0,36801,Mark Hubbard,348,171,177
2022,180,0,51894,Vince Whaley,353,173,180
2022,181,0,28252,Seamus Power,354,181,173
2022,182,0,52372,Cameron Champ,358,183,175
2022,183,0,48822,Sebastián Muñoz,360,173,187
2022,183,0,28114,Dawie van der Walt,360,184,176
2022,185,0,31557,Jim Herman,365,186,179
2022,186,0,27095,Nick Watney,369,187,182
2022,187,0,27139,David Skinns,371,181,190
2022,188,0,46414,Aaron Rai,373,192,181
2022,189,0,47347,Adam Schenk,374,189,185
2022,190,0,34360,Patrick Reed,376,191,185
2022,191,0,34256,Andrew Putnam,377,188,189
2022,192,0,24361,Pat Perez,382,190,192
2022,193,0,36884,Ben Kohles,384,193,191
2024,1,0,48084,Wesley Bryan,4,3,1
2024,2,1,45609,Tyler Duncan,12,9,3
2024,3,15,47806,Raul Pereda,14,1,13
2024,4,5,49960,Sepp Straka,15,13,2
2024,5,2,23108,Matt Kuchar,23,16,7
2024,6,16,29535,Brice Garnett,24,5,19
2024,6,9,27330,Josh Teater,24,2,22
2024,8,10,60767,Blaine Hale Jr.,36,4,32
2024,9,23,34076,Joel Dahmen,39,35,4
2024,10,10,24024,Zach Johnson,41,7,34
2024,11,17,34374,Erik Barnes,44,8,36
2024,12,39,48319,Tom Whitney,49,18,31
2024,13,17,32366,Kevin Chappell,52,6,46
2024,14,21,27214,Kevin Streelman,57,11,46
2024,15,-13,33948,Byeong Hun An,58,51,7
2024,16,11,58168,Davis Thompson,62,19,43
2024,17,-13,59143,Mac Meissner,63,56,7
2024,18,-12,34587,Chan Kim,64,54,10
2024,19,35,32757,Patton Kizzire,66,23,43
2024,20,-15,51890,Greyson Sigg,67,57,10
2024,20,50,46340,Alex Smalley,67,40,27
2024,22,-10,33141,Keegan Bradley,71,50,21
2024,23,56,37212,Paul Barjon,72,9,63
2024,24,69,48119,Ben Taylor,75,25,50
2024,25,66,26596,Ryan Moore,79,52,27
2024,26,-12,26476,Chez Reavie,80,63,17
2024,27,-14,35461,Beau Hossler,81,58,23
2024,28,-12,23320,Ryan Palmer,82,67,15
2024,28,18,39324,J.J. Spaun,82,29,53
2024,30,-19,32640,Troy Merritt,83,68,15
2024,31,68,25900,Lucas Glover,84,46,38
2024,31,2,57900,Chandler Phillips,84,45,39
2024,33,26,30926,Chris Kirk,87,24,63
2024,34,-26,34021,Bud Cauley,89,84,5
2024,35,-4,46717,Viktor Hovland,90,60,30
2024,35,7,33448,Justin Thomas,90,63,27
2024,37,-20,34563,Chesson Hadley,91,79,12
2024,38,45,60004,Jacob Bridgeman,94,27,67
2024,38,-13,27644,Brian Harman,94,74,20
2024,40,-31,50095,Austin Smotherman,95,78,17
2024,41,54,32070,Rafael Campos,98,20,78
2024,41,-3,39546,Keith Mitchell,98,31,67
2024,41,26,55454,Carl Yuan,98,14,84
2024,44,-5,47988,Nick Hardy,102,44,58
2024,45,-17,29908,C.T. Pan,103,97,6
2024,46,-10,29420,Billy Horschel,104,62,42
2024,46,43,46113,Ryan McCormick,104,15,89
2024,48,-4,55708,Hayden Buckley,106,17,89
2024,49,-28,52513,Carson Young,108,83,25
2024,50,-27,52375,Doug Ghim,111,97,14
2024,50,15,51997,Andrew Novak,111,27,84
2024,52,2,45157,Cam Davis,113,70,43
2024,53,19,57362,Austin Eckroat,114,30,84
2024,54,-5,32102,Rickie Fowler,115,65,50
2024,54,-2,29221,Webb Simpson,115,59,56
2024,56,-32,39975,Michael Kim,117,81,36
2024,56,-22,36326,David Lipsky,117,94,23
2024,58,-32,51287,Ryo Hisatsune,119,84,35
2024,59,52,32791,K.H. Lee,122,48,74
2024,60,9,59836,Pierceson Coody,124,21,103
2024,61,25,54783,Dylan Wu,126,37,89
2024,62,23,54421,Garrick Higgo,131,33,98
2024,62,-13,40250,Taylor Pendrith,131,61,70
2024,64,-10,34046,Jordan Spieth,132,72,60
2024,65,10,30911,Tommy Fleetwood,136,70,66
2024,65,32,50493,Justin Suh,136,26,110
2024,67,49,30927,Brendon Todd,137,43,94
2024,68,4,47591,Eric Cole,138,38,100
2024,69,-5,34098,Russell Henley,139,113,26
2024,70,-4,36799,Stephan Jaeger,143,69,74
2024,71,-19,47995,Davis Riley,145,65,80
2024,72,56,29478,Kevin Kisner,146,11,135
2024,73,-34,12716,Charley Hoffman,150,87,63
2024,74,58,34099,Harris English,154,32,122
2024,74,-37,55893,Sam Stevens,154,84,70
2024,74,55,35617,Martin Trainer,154,22,132
2024,77,-36,40162,Justin Lower,155,109,46
2024,78,-18,49771,J.T. Poston,156,106,50
2024,79,2,22405,Justin Rose,157,79,78
2024,80,24,35506,Mackenzie Hughes,158,42,116
2024,80,22,48117,Kurt Kitayama,158,105,53
2024,82,-6,25493,Nick Taylor,160,127,33
2024,83,38,54591,Ben Griffin,161,34,127
2024,84,-38,52514,Trace Crowe,164,97,67
2024,84,-1,33204,Shane Lowry,164,75,89
2024,86,-40,52666,Sami Valimaki,166,72,94
2024,87,-44,33486,Roger Sloan,168,88,80
2024,88,4,31646,Emiliano Grillo,169,113,56
2024,89,1,51634,Sahith Theegala,170,124,46
2024,90,-46,27649,Brandt Snedeker,171,91,80
2024,91,9,35450,Patrick Cantlay,173,101,72
2024,92,27,45242,Kevin Yu,176,35,141
2024,93,-31,57975,Harry Hall,177,118,59
2024,93,-5,47993,Denny McCarthy,177,124,53
2024,95,-9,52955,Ludvig Åberg,185,81,104
2024,95,-38,56149,Wilson Furr,185,101,84
2024,97,9,50525,Collin Morikawa,186,97,89
2024,98,-36,51349,Nico Echavarria,189,129,60
2024,98,-38,47983,Chad Ramey,189,95,94
2024,100,-28,40026,Daniel Berger,192,153,39
2024,101,-25,32367,Jorge Campillo,196,92,104
2024,101,-33,60067,Joe Highsmith,196,122,74
2024,101,-25,28775,Nate Lashley,196,134,62
2024,104,-7,33399,Adam Hadwin,197,113,84
2024,105,-48,34255,Joseph Bramlett,198,101,97
2024,106,2,28089,Jason Day,202,77,125
2024,106,-25,48867,Matti Schmid,202,93,109
2024,108,50,22371,Aaron Baddeley,203,39,164
2024,108,5,47483,Will Zalatoris,203,90,113
2024,110,39,36871,Matt NeSmith,205,41,164
2024,111,5,47504,Sam Burns,206,88,118
2024,112,-17,29936,Ryan Fox,210,138,72
2024,112,1,55182,Tom Kim,210,136,74
2024,112,-19,27064,Jhonattan Vegas,210,130,80
2024,115,39,37275,Sam Ryder,211,47,164
2024,115,-45,48887,Matt Wallace,211,113,98
2024,117,-14,27770,Camilo Villegas,212,173,39
2024,118,48,40058,Zac Blair,214,55,159
2024,119,1,32839,Hideki Matsuyama,215,111,104
2024,120,-40,50188,S.H. Kim,218,107,111
2024,121,3,24502,Adam Scott,220,95,125
2024,122,-11,39971,Sungjae Im,222,118,104
2024,122,54,27139,David Skinns,222,49,173
2024,124,-24,51977,Max Greyserman,223,123,100
2024,125,48,47663,Kevin Dougherty,228,53,175
2024,126,0,52215,Robert MacIntyre,229,113,116
2024,127,-14,56630,Akshay Bhatia,230,108,122
2024,128,9,51766,Wyndham Clark,238,101,137
2024,128,-23,28237,Rory McIlroy,238,111,127
2024,130,-21,40006,Erik van Rooyen,239,139,100
2024,131,10,46046,Scottie Scheffler,252,141,111
2024,132,5,28252,Seamus Power,253,135,118
2024,133,49,47347,Adam Schenk,258,75,183
2024,134,-28,33408,Tyson Alexander,259,130,129
2024,135,-17,33968,Thorbjørn Olesen,261,124,137
2024,136,3,45522,Christiaan Bezuidenhout,263,128,135
2024,137,-16,37378,Min Woo Lee,266,110,156
2024,138,-4,54628,Lee Hodges,268,136,132
2024,138,-28,27936,Martin Laird,268,150,118
2024,140,-1,35532,Tom Hoge,269,156,113
2024,141,6,39997,Corey Conners,270,141,129
2024,142,5,57366,Cameron Young,271,120,151
2024,143,7,59866,Nick Dunlap,272,121,151
2024,143,-17,52374,Brandon Wu,272,164,108
2024,145,-11,39327,Ben Silverman,275,162,113
2024,146,-16,52453,Nicolai Højgaard,280,132,148
2024,147,-26,50497,Adrien Dumont de Chassart,282,140,142
2024,148,-15,46441,Robby Shelton,289,160,129
2024,149,4,37455,Si Woo Kim,290,156,134
2024,150,11,39977,Max Homa,293,147,146
2024,150,-25,32333,Kevin Tway,293,153,140
2024,152,-8,38991,Alejandro Tosti,295,174,121
2024,153,-12,30163,Henrik Norlander,299,177,122
2024,154,-24,50484,Hayden Springer,300,141,159
2024,155,-10,36884,Ben Kohles,305,160,145
2024,156,-22,52372,Cameron Champ,306,147,159
2024,157,-6,51696,Rico Hoey,307,156,151
2024,158,13,33653,Thomas Detry,308,132,176
2024,158,-3,34466,Peter Malnati,308,149,159
2024,160,3,36699,Patrick Rodgers,314,172,142
2024,161,9,40098,Matt Fitzpatrick,315,165,150
2024,161,-10,27349,Alex Noren,315,146,169
2024,163,-17,51894,Vince Whaley,316,168,148
2024,164,-21,28420,Ryan Brehm,317,145,172
2024,164,-1,49947,Taylor Moore,317,150,167
2024,164,4,40115,Adam Svensson,317,170,147
2024,167,9,59095,Chris Gotterup,318,141,177
2024,167,-8,51070,Vincent Norrman,318,167,151
2024,169,-9,35310,Lanto Griffin,320,181,139
2024,170,-13,54576,Patrick Fishburn,322,178,144
2024,171,-16,59442,Parker Coody,326,159,167
2024,171,7,29725,Tony Finau,326,153,173
2024,173,5,48153,Matthieu Pavon,331,152,179
2024,174,-12,36801,Mark Hubbard,332,169,163
2024,175,-12,27129,Luke List,333,163,170
2024,176,-7,46442,Maverick McNealy,334,178,156
2024,177,-10,48699,Callum Tarren,336,180,156
2024,178,-3,47679,Victor Perez,337,182,155
2024,179,-7,46414,Aaron Rai,342,171,171
2024,180,1,48081,Xander Schauffele,346,166,180
2024,181,-1,34256,Andrew Putnam,353,175,178
2024,182,-9,31323,Gary Woodland,356,175,181
2024,183,-1,47420,Jake Knapp,365,183,182
2024,184,0,55789,Taylor Montgomery,368,184,184
2023,1,0,32640,Troy Merritt,11,5,6
2023,2,0,51890,Greyson Sigg,15,5,10
2023,3,0,58696,Peter Kuest,16,5,11
2023,4,0,33410,Andrew Landry,18,14,4
2023,5,0,45609,Tyler Duncan,24,16,8
2023,6,0,50095,Austin Smotherman,25,2,23
2023,7,0,47128,Richy Werenski,27,10,17
2023,8,0,32102,Rickie Fowler,29,2,27
2023,9,0,48084,Wesley Bryan,32,21,11
2023,10,0,47079,Harrison Endycott,34,14,20
2023,10,0,26476,Chez Reavie,34,30,4
2023,12,0,33141,Keegan Bradley,35,1,34
2023,13,0,31646,Emiliano Grillo,39,9,30
2023,13,0,27644,Brian Harman,39,28,11
2023,13,0,22056,Cameron Percy,39,24,15
2023,16,0,57362,Austin Eckroat,53,35,18
2023,16,0,29535,Brice Garnett,53,52,1
2023,18,0,29908,C.T. Pan,54,33,21
2023,19,0,20229,Stewart Cink,55,28,27
2023,20,0,35461,Beau Hossler,56,17,39
2023,21,0,23108,Matt Kuchar,59,43,16
2023,22,0,33948,Byeong Hun An,61,4,57
2023,22,0,25632,Jimmy Walker,61,17,44
2023,24,0,19803,Ryan Armour,62,59,3
2023,24,0,24024,Zach Johnson,62,11,51
2023,24,0,49960,Sepp Straka,62,27,35
2023,27,0,55182,Tom Kim,67,37,30
2023,27,0,29221,Webb Simpson,67,20,47
2023,29,0,34363,Tyrrell Hatton,68,17,51
2023,30,0,30926,Chris Kirk,69,23,46
2023,31,0,32816,Satoshi Kodaira,71,48,23
2023,32,0,39324,J.J. Spaun,73,43,30
2023,33,0,49766,Hank Lebioda,77,41,36
2023,34,0,55708,Hayden Buckley,78,36,42
2023,34,0,34563,Chesson Hadley,78,45,33
2023,36,0,52375,Doug Ghim,80,55,25
2023,36,0,51950,Max McGreevy,80,61,19
2023,36,0,25818,Scott Piercy,80,73,7
2023,39,0,52955,Ludvig Åberg,83,8,75
2023,40,0,49771,J.T. Poston,84,37,47
2023,41,0,45157,Cam Davis,92,11,81
2023,42,0,25686,Jason Dufner,94,83,11
2023,42,0,12716,Charley Hoffman,94,73,21
2023,44,0,24140,Sean O'Hair,97,40,57
2023,44,0,47983,Chad Ramey,97,11,86
2023,46,0,49453,Trevor Cone,98,30,68
2023,46,0,32448,James Hahn,98,30,68
2023,48,0,52513,Carson Young,99,45,54
2023,49,0,45242,Kevin Yu,102,64,38
2023,50,0,27963,Chris Stroud,106,52,54
2023,51,0,35901,Paul Haley II,107,68,39
2023,52,0,40250,Taylor Pendrith,116,21,95
2023,53,0,51349,Nico Echavarria,117,52,65
2023,54,0,25900,Lucas Glover,119,83,36
2023,54,0,36799,Stephan Jaeger,119,33,86
2023,56,0,34098,Russell Henley,120,66,54
2023,57,0,52453,Nicolai Hojgaard,121,25,96
2023,58,0,28237,Rory McIlroy,123,41,82
2023,58,0,25493,Nick Taylor,123,64,59
2023,60,0,39971,Sungjae Im,124,59,65
2023,60,0,31560,Brian Stuard,124,115,9
2023,62,0,28775,Nate Lashley,128,102,26
2023,63,0,48887,Matt Wallace,131,58,73
2023,64,0,54783,Dylan Wu,134,66,68
2023,65,0,31557,Jim Herman,135,88,47
2023,65,0,39975,Michael Kim,135,73,62
2023,67,0,35449,Adam Long,137,55,82
2023,68,0,27214,Kevin Streelman,141,77,64
2023,69,0,30692,Scott Stallings,143,47,96
2023,69,0,30927,Brendon Todd,143,102,41
2023,71,0,33408,Tyson Alexander,144,69,75
2023,71,0,52374,Brandon Wu,144,69,75
2023,73,0,56630,Akshay Bhatia,145,94,51
2023,74,0,36326,David Lipsky,146,102,44
2023,75,0,47988,Nick Hardy,147,88,59
2023,75,0,23320,Ryan Palmer,147,55,92
2023,77,0,32139,Danny Willett,150,77,73
2023,78,0,35450,Patrick Cantlay,152,48,104
2023,78,0,27974,Sung Kang,152,90,62
2023,78,0,26596,Ryan Moore,152,150,2
2023,81,0,32366,Kevin Chappell,154,37,117
2023,82,0,47504,Sam Burns,158,25,133
2023,83,0,33448,Justin Thomas,159,100,59
2023,84,0,29420,Billy Horschel,160,69,91
2023,85,0,47993,Denny McCarthy,161,90,71
2023,85,0,58168,Davis Thompson,161,83,78
2023,87,0,59018,Ryan Gerard,162,97,65
2023,88,0,46970,Jon Rahm,163,77,86
2023,89,0,49298,Kramer Hickok,165,122,43
2023,89,0,35506,Mackenzie Hughes,165,48,117
2023,91,0,34076,Joel Dahmen,167,120,47
2023,92,0,50525,Collin Morikawa,169,61,108
2023,93,0,33399,Adam Hadwin,173,80,93
2023,94,0,35879,Kelly Kraft,175,148,27
2023,95,0,39546,Keith Mitchell,176,80,96
2023,96,0,51997,Andrew Novak,178,107,71
2023,97,0,32757,Patton Kizzire,179,80,99
2023,98,0,55454,Carl Yuan,183,90,93
2023,99,0,35617,Martin Trainer,195,83,112
2023,100,0,34255,Joseph Bramlett,200,69,131
2023,101,0,47995,Davis Riley,201,102,99
2023,102,0,36871,Matt NeSmith,202,61,141
2023,103,0,31202,William McGirt,204,126,78
2023,103,0,46340,Alex Smalley,204,122,82
2023,103,0,34046,Jordan Spieth,204,73,131
2023,106,0,27554,Scott Harrington,207,102,105
2023,107,0,40162,Justin Lower,211,122,89
2023,107,0,36724,Augusto Núñez,211,112,99
2023,109,0,33204,Shane Lowry,212,107,105
2023,110,0,48867,Matti Schmid,214,51,163
2023,111,0,50188,S.H. Kim,220,94,126
2023,112,0,46435,Austin Cook,224,135,89
2023,112,0,46441,Robby Shelton,224,142,82
2023,114,0,32839,Hideki Matsuyama,229,109,120
2023,115,0,40098,Matt Fitzpatrick,230,109,121
2023,115,0,57366,Cameron Young,230,100,130
2023,117,0,47591,Eric Cole,234,97,137
2023,117,0,32791,K.H. Lee,234,115,119
2023,119,0,57975,Harry Hall,235,120,115
2023,120,0,54628,Lee Hodges,236,112,124
2023,121,0,30911,Tommy Fleetwood,237,94,143
2023,122,0,45522,Christiaan Bezuidenhout,238,139,99
2023,123,0,37455,Si Woo Kim,242,162,80
2023,124,0,54421,Garrick Higgo,243,115,128
2023,125,0,55893,Sam Stevens,246,122,124
2023,126,0,48119,Ben Taylor,247,119,128
2023,127,0,34466,Peter Malnati,248,140,108
2023,128,0,39954,Cody Gribble,249,137,112
2023,128,0,46717,Viktor Hovland,249,126,123
2023,130,0,39997,Corey Conners,250,129,121
2023,130,0,33597,Harry Higgs,250,145,105
2023,132,0,34099,Harris English,251,137,114
2023,133,0,54591,Ben Griffin,252,83,169
2023,134,0,29289,S.Y. Noh,255,112,143
2023,135,0,24925,Jonathan Byrd,256,130,126
2023,136,0,34409,David Lingmerth,261,162,99
2023,137,0,33122,Russell Knox,262,154,108
2023,138,0,39067,MJ Daffue,267,159,108
2023,139,0,29970,Dylan Frittelli,270,99,171
2023,139,0,51070,Vincent Norrman,270,130,140
2023,141,0,30163,Henrik Norlander,272,157,115
2023,142,0,35532,Tom Hoge,276,135,141
2023,143,0,46601,Trey Mullinax,277,109,168
2023,144,0,51491,Brandon Matthews,280,90,190
2023,145,0,32662,Michael Gligic,285,126,159
2023,146,0,29725,Tony Finau,286,141,145
2023,147,0,27936,Martin Laird,289,150,139
2023,148,0,22405,Justin Rose,290,133,157
2023,149,0,28420,Ryan Brehm,291,130,161
2023,149,0,40006,Erik van Rooyen,291,157,134
2023,151,0,51634,Sahith Theegala,292,156,136
2023,152,0,28089,Jason Day,294,115,179
2023,152,0,49947,Taylor Moore,294,159,135
2023,152,0,50493,Justin Suh,294,145,149
2023,155,0,53165,Doc Redman,295,148,147
2023,156,0,24502,Adam Scott,304,143,161
2023,157,0,48117,Kurt Kitayama,306,147,159
2023,158,0,40115,Adam Svensson,307,170,137
2023,159,0,51414,Brent Grant,308,159,149
2023,160,0,36699,Patrick Rodgers,312,165,147
2023,161,0,27129,Luke List,314,168,146
2023,162,0,35310,Lanto Griffin,316,150,166
2023,163,0,51766,Wyndham Clark,317,133,184
2023,164,0,28252,Seamus Power,319,167,152
2023,165,0,37338,Zecheng Dou,320,168,152
2023,166,0,37275,Sam Ryder,325,170,155
2023,167,0,46046,Scottie Scheffler,328,165,163
2023,168,0,34610,Matthias Schwab,331,179,152
2023,168,0,34431,Robert Streb,331,176,155
2023,168,0,31323,Gary Woodland,331,143,188
2023,171,0,39335,Kevin Roy,335,178,157
2023,172,0,39977,Max Homa,336,173,163
2023,173,0,33653,Thomas Detry,337,150,187
2023,174,0,52411,Kyle Westmoreland,338,154,184
2023,175,0,40058,Zac Blair,343,192,151
2023,176,0,31577,Tano Goya,344,164,180
2023,177,0,46442,Maverick McNealy,346,175,171
2023,178,0,46414,Aaron Rai,349,183,166
2023,179,0,52372,Cameron Champ,352,183,169
2023,179,0,33413,Ben Martin,352,177,175
2023,181,0,48081,Xander Schauffele,353,172,181
2023,182,0,48699,Callum Tarren,356,181,175
2023,183,0,27349,Alex Noren,359,186,173
2023,184,0,58967,Trevor Werbylo,360,174,186
2023,185,0,22371,Aaron Baddeley,361,187,174
2023,186,0,36801,Mark Hubbard,364,182,182
2023,186,0,27095,Nick Watney,364,189,175
2023,188,0,32333,Kevin Tway,366,183,183
2023,189,0,34256,Andrew Putnam,367,189,178
2023,190,0,39058,Lucas Herbert,369,180,189
2023,191,0,47347,Adam Schenk,379,188,191
2023,192,0,56762,Will Gordon,383,191,192
2023,193,0,55789,Taylor Montgomery,386,193,193
2015,1,0,6522,Ernie Els,4,2,2
2015,2,0,1706,Davis Love III,13,8,5
2015,2,0,25493,Nick Taylor,13,4,9
2015,4,0,25818,Scott Piercy,17,7,10
2015,5,0,2206,David Toms,20,19,1
2015,6,0,20157,Retief Goosen,24,9,15
2015,7,0,34409,David Lingmerth,28,16,12
2015,8,0,28089,Jason Day,32,5,27
2015,9,0,25562,Andres Romero,36,25,11
2015,10,0,24140,Sean O'Hair,38,18,20
2015,11,0,33461,Morgan Hoffmann,41,14,27
2015,12,0,26476,Chez Reavie,46,23,23
2015,13,0,30736,Oscar Fraustro,48,25,23
2015,14,0,27141,J.B. Holmes,52,16,36
2015,14,0,33667,Carlos Ortiz,52,11,41
2015,16,0,23548,Bill Lunde,53,47,6
2015,17,0,29420,Billy Horschel,54,22,32
2015,17,0,30692,Scott Stallings,54,35,19
2015,19,0,23320,Ryan Palmer,55,3,52
2015,20,0,21753,Brian Davis,56,36,20
2015,20,0,12716,Charley Hoffman,56,15,41
2015,22,0,26758,David Hearn,60,53,7
2015,22,0,22293,Heath Slocum,60,57,3
2015,22,0,33448,Justin Thomas,60,1,59
2015,25,0,22405,Justin Rose,62,32,30
2015,26,0,22371,Aaron Baddeley,64,12,52
2015,27,0,30944,Jason Kokrak,67,28,39
2015,28,0,27936,Martin Laird,70,29,41
2015,29,0,20771,Steven Alker,76,62,14
2015,29,0,34563,Chesson Hadley,76,31,45
2015,31,0,32150,Michael Thompson,77,9,68
2015,32,0,20848,Ángel Cabrera,78,42,36
2015,33,0,10885,Robert Allenby,83,60,23
2015,34,0,31560,Brian Stuard,84,76,8
2015,35,0,32448,James Hahn,87,19,68
2015,35,0,26596,Ryan Moore,87,84,3
2015,35,0,29518,Brendan Steele,87,47,40
2015,38,0,24924,Bill Haas,89,57,32
2015,39,0,29535,Brice Garnett,90,73,17
2015,40,0,24357,K.J. Choi,91,44,47
2015,41,0,23541,Ben Crane,92,51,41
2015,42,0,21878,Mark Wilson,97,62,35
2015,43,0,25345,Carl Pettersson,99,34,65
2015,44,0,22056,Cameron Percy,100,23,77
2015,45,0,26329,Louis Oosthuizen,104,82,22
2015,46,0,30925,Dustin Johnson,105,6,99
2015,46,0,25804,Bubba Watson,105,92,13
2015,48,0,23353,J.J. Henry,106,80,26
2015,48,0,24024,Zach Johnson,106,43,63
2015,50,0,29926,Danny Lee,107,25,82
2015,51,0,33419,Cameron Tringale,114,62,52
2015,52,0,24502,Adam Scott,115,83,32
2015,53,0,32839,Hideki Matsuyama,117,56,61
2015,54,0,24781,Hunter Mahan,120,32,88
2015,55,0,25349,Tim Wilkinson,121,90,31
2015,56,0,27963,Chris Stroud,123,74,49
2015,57,0,6567,Vijay Singh,125,51,74
2015,58,0,28780,Nicholas Thompson,126,29,97
2015,59,0,20472,Alex Cejka,128,80,48
2015,60,0,35545,Blayne Barber,129,61,68
2015,60,0,20766,Padraig Harrington,129,67,62
2015,62,0,30946,Alex Prugh,130,40,90
2015,63,0,34099,Harris English,132,38,94
2015,64,0,10860,Justin Leonard,133,104,29
2015,65,0,24358,Robert Garrigus,135,19,116
2015,66,0,30927,Brendon Todd,137,119,18
2015,67,0,33486,Roger Sloan,138,50,88
2015,68,0,10809,Jim Furyk,140,125,15
2015,68,0,29720,Andres Gonzales,140,66,74
2015,70,0,29478,Kevin Kisner,146,87,59
2015,70,0,34046,Jordan Spieth,146,13,133
2015,70,0,27770,Camilo Villegas,146,110,36
2015,73,0,22046,Geoff Ogilvy,147,53,94
2015,74,0,27649,Brandt Snedeker,148,69,79
2015,75,0,12510,Chad Campbell,149,98,51
2015,75,0,22892,Jason Gore,149,92,57
2015,77,0,35539,Luke Guthrie,150,36,114
2015,77,0,30926,Chris Kirk,150,95,55
2015,77,0,1810,Phil Mickelson,150,78,72
2015,80,0,26851,Marc Leishman,155,84,71
2015,81,0,23108,Matt Kuchar,158,44,114
2015,82,0,28307,Matt Every,164,107,57
2015,82,0,23623,Bo Van Pelt,164,62,102
2015,84,0,25900,Lucas Glover,169,113,56
2015,84,0,31193,Jim Renner,169,87,82
2015,86,0,27644,Brian Harman,171,72,99
2015,87,0,28475,Jeff Overton,172,90,82
2015,88,0,29223,Sam Saunders,174,44,130
2015,89,0,33141,Keegan Bradley,175,47,128
2015,89,0,29221,Webb Simpson,175,110,65
2015,91,0,32102,Rickie Fowler,176,57,119
2015,92,0,25369,Jamie Donaldson,177,110,67
2015,93,0,36699,Patrick Rodgers,188,41,147
2015,94,0,31416,Derek Fathauer,189,125,64
2015,94,0,29476,Kyle Reifers,189,97,92
2015,94,0,25632,Jimmy Walker,189,55,134
2015,97,0,34261,Scott Langley,193,102,91
2015,97,0,25834,Daniel Summerhays,193,144,49
2015,97,0,28132,Tyrone Van Aswegen,193,116,77
2015,100,0,27214,Kevin Streelman,195,121,74
2015,101,0,27436,Graham DeLaet,196,38,158
2015,102,0,26951,Johnson Wagner,200,92,108
2015,103,0,33122,Russell Knox,204,159,45
2015,104,0,34174,John Huh,205,89,116
2015,105,0,33418,Shawn Stefani,209,106,103
2015,106,0,29479,Scott Brown,211,77,134
2015,106,0,35541,John Peterson,211,125,86
2015,106,0,23621,Rory Sabbatini,211,69,142
2015,109,0,29289,S.Y. Noh,214,69,145
2015,109,0,34130,Sung Joon Park,214,135,79
2015,111,0,32366,Kevin Chappell,218,98,120
2015,111,0,30852,Ryo Ishikawa,218,98,120
2015,113,0,34262,Jon Curran,221,117,104
2015,114,0,27933,John Merrick,222,118,104
2015,115,0,25892,Steve Wheatcroft,223,119,104
2015,116,0,25198,Francesco Molinari,225,146,79
2015,117,0,24138,Ian Poulter,226,130,96
2015,118,0,26289,Boo Weekley,227,128,99
2015,119,0,28679,Fabián Gómez,229,147,82
2015,119,0,29425,Andrew Svoboda,229,157,72
2015,121,0,40026,Daniel Berger,230,67,163
2015,121,0,25274,Steven Bowditch,230,104,126
2015,123,0,28259,Sangmoon Bae,234,142,92
2015,124,0,25364,Paul Casey,236,139,97
2015,125,0,24507,Jason Bohn,238,152,86
2015,125,0,25240,D.A. Points,238,84,154
2015,127,0,24494,Erik Compton,240,113,127
2015,128,0,23983,Luke Donald,243,133,110
2015,128,0,20396,Lee Westwood,243,133,110
2015,130,0,24925,Jonathan Byrd,244,78,166
2015,130,0,37454,Whee Kim,244,95,149
2015,132,0,27895,Jonas Blixt,246,74,172
2015,132,0,31323,Gary Woodland,246,130,116
2015,134,0,35532,Tom Hoge,248,136,112
2015,134,0,39977,Max Homa,248,123,125
2015,134,0,21961,Charles Howell III,248,139,109
2015,137,0,31557,Jim Herman,254,142,112
2015,138,0,33399,Adam Hadwin,256,107,149
2015,139,0,29725,Tony Finau,260,102,158
2015,140,0,34431,Robert Streb,264,157,107
2015,141,0,34098,Russell Henley,265,109,156
2015,142,0,34256,Andrew Putnam,268,148,120
2015,143,0,8075,Jerry Kelly,270,141,129
2015,144,0,25191,Gonzalo Fernandez-Castaño,271,113,158
2015,144,0,28500,Martin Flores,271,128,143
2015,146,0,32200,Roberto Castro,274,98,176
2015,147,0,26331,Charl Schwartzel,275,144,131
2015,148,0,20691,Greg Owen,278,121,157
2015,149,0,32640,Troy Merritt,287,150,137
2015,150,0,36801,Mark Hubbard,290,123,167
2015,151,0,23048,Eric Axley,293,170,123
2015,151,0,28023,Byron Smith,293,159,134
2015,153,0,23800,Bryce Molder,295,154,141
2015,154,0,26300,Matt Jones,299,150,149
2015,155,0,25720,Chad Collins,300,161,139
2015,156,0,29222,Billy Hurley III,302,155,147
2015,156,0,30711,Colt Knost,302,162,140
2015,158,0,27466,Spencer Levin,304,172,132
2015,159,0,20104,Ken Duke,305,182,123
2015,160,0,36689,Brooks Koepka,306,136,170
2015,161,0,34264,Hudson Swafford,308,130,178
2015,162,0,21209,Sergio Garcia,311,167,144
2015,163,0,20229,Stewart Cink,316,149,167
2015,164,0,21528,Henrik Stenson,317,180,137
2015,164,0,34265,Will Wilcox,317,138,179
2015,166,0,32334,Charlie Beljan,320,155,165
2015,167,0,35451,Scott Pinckney,323,162,161
2015,168,0,25396,Kevin Na,324,178,146
2015,169,0,31202,William McGirt,328,175,153
2015,170,0,33413,Ben Martin,329,175,154
2015,171,0,23638,Brendon de Jonge,331,167,164
2015,171,0,24361,Pat Perez,331,179,152
2015,173,0,34360,Patrick Reed,333,171,162
2015,174,0,20593,Greg Chalmers,335,152,183
2015,175,0,40058,Zac Blair,341,164,177
2015,176,0,28486,Michael Putnam,343,169,174
2015,177,0,37273,Derek Ernst,345,173,172
2015,178,0,27064,Jhonattan Vegas,346,166,180
2015,178,0,27095,Nick Watney,346,165,181
2015,180,0,25686,Jason Dufner,347,173,174
2015,181,0,24490,George McNeill,348,177,171
2015,182,0,34358,Jonathan Randolph,350,183,167
2015,183,0,20645,John Senden,363,181,182
2015,184,0,24846,Ricky Barnes,368,184,184
2012,1,0,23541,Ben Crane,5,3,2
2012,2,0,2206,David Toms,6,5,1
2012,3,0,1249,John Daly,12,1,11
2012,4,0,33141,Keegan Bradley,17,12,5
2012,5,0,30750,Tommy Gainey,19,4,15
2012,6,0,23623,Bo Van Pelt,21,14,7
2012,7,0,1724,Jeff Maggert,22,18,4
2012,8,0,32102,Rickie Fowler,25,7,18
2012,9,0,23325,Vaughn Taylor,28,8,20
2012,10,0,6522,Ernie Els,30,16,14
2012,11,0,25818,Scott Piercy,31,16,15
2012,12,0,27936,Martin Laird,35,32,3
2012,12,0,24781,Hunter Mahan,35,26,9
2012,14,0,30110,Kyle Stanley,38,11,27
2012,15,0,21805,Harrison Frazar,42,9,33
2012,16,0,23320,Ryan Palmer,43,6,37
2012,17,0,19846,Brian Gay,50,42,8
2012,17,0,29518,Brendan Steele,50,28,22
2012,19,0,24140,Sean O'Hair,53,23,30
2012,20,0,27141,J.B. Holmes,56,2,54
2012,21,0,30692,Scott Stallings,59,20,39
2012,21,0,6527,Steve Stricker,59,48,11
2012,23,0,25804,Bubba Watson,60,37,23
2012,24,0,27974,Sung Kang,64,34,30
2012,25,0,22293,Heath Slocum,68,51,17
2012,26,0,24024,Zach Johnson,76,70,6
2012,26,0,27649,Brandt Snedeker,76,22,54
2012,28,0,1766,Billy Mayfair,77,26,51
2012,29,0,26758,David Hearn,79,12,67
2012,30,0,26476,Chez Reavie,81,37,44
2012,31,0,30926,Chris Kirk,82,14,68
2012,32,0,21878,Mark Wilson,84,51,33
2012,33,0,1116,Michael Bradley,85,55,30
2012,34,0,1706,Davis Love III,86,23,63
2012,34,0,27330,Josh Teater,86,9,77
2012,36,0,23542,Tommy Biershenk,89,40,49
2012,37,0,34174,John Huh,90,61,29
2012,38,0,26329,Louis Oosthuizen,92,41,51
2012,39,0,28237,Rory McIlroy,95,50,45
2012,39,0,25345,Carl Pettersson,95,75,20
2012,41,0,23621,Rory Sabbatini,97,64,33
2012,42,0,27644,Brian Harman,99,75,24
2012,43,0,23108,Matt Kuchar,102,91,11
2012,43,0,28475,Jeff Overton,102,48,54
2012,45,0,26287,Roland Thatcher,105,34,71
2012,46,0,21753,Brian Davis,109,67,42
2012,47,0,34021,Bud Cauley,110,42,68
2012,47,0,24358,Robert Garrigus,110,47,63
2012,47,0,30925,Dustin Johnson,110,25,85
2012,47,0,27120,Troy Matteson,110,28,82
2012,47,0,23800,Bryce Molder,110,83,27
2012,52,0,22582,Kyle Thompson,116,71,45
2012,53,0,28089,Jason Day,118,57,61
2012,54,0,24924,Bill Haas,120,66,54
2012,55,0,24138,Ian Poulter,121,97,24
2012,56,0,23135,Tim Clark,125,116,9
2012,56,0,27933,John Merrick,125,101,24
2012,58,0,29476,Kyle Reifers,126,20,106
2012,59,0,25457,Alexandre Rocha,130,44,86
2012,60,0,32200,Roberto Castro,132,55,77
2012,60,0,26679,Kevin Stadler,132,44,88
2012,60,0,25892,Steve Wheatcroft,132,37,95
2012,63,0,12782,Tim Herron,133,60,73
2012,63,0,27060,John Mallinger,133,94,39
2012,65,0,35139,Richard Lee,134,83,51
2012,66,0,6573,Brandt Jobe,142,88,54
2012,67,0,1797,Rocco Mediate,143,61,82
2012,67,0,27770,Camilo Villegas,143,51,92
2012,69,0,24494,Erik Compton,144,30,114
2012,70,0,22405,Justin Rose,148,80,68
2012,70,0,20160,Charlie Wi,148,94,54
2012,72,0,10885,Robert Allenby,150,68,82
2012,73,0,29420,Billy Horschel,152,36,116
2012,73,0,29221,Webb Simpson,152,64,88
2012,75,0,22548,Patrick Sheehan,157,118,39
2012,76,0,27302,Garth Mulroy,160,31,129
2012,77,0,19970,Robert Karlsson,161,32,129
2012,78,0,25562,Andres Romero,162,57,105
2012,79,0,28093,Miguel Angel Carballo,164,115,49
2012,80,0,20070,Matt Bettencourt,169,44,125
2012,80,0,1941,Tom Pernice Jr.,169,106,63
2012,82,0,24940,Edward Loar,170,19,151
2012,83,0,27095,Nick Watney,171,83,88
2012,84,0,22913,John Rollins,172,99,73
2012,85,0,26951,Johnson Wagner,174,129,45
2012,86,0,25686,Jason Dufner,176,139,37
2012,86,0,8075,Jerry Kelly,176,99,77
2012,88,0,26851,Marc Leishman,178,86,92
2012,88,0,6567,Vijay Singh,178,72,106
2012,90,0,24357,K.J. Choi,179,160,19
2012,90,0,10213,Dicky Pride,179,88,91
2012,92,0,8793,Tiger Woods,182,57,125
2012,93,0,23204,Gary Christian,187,145,42
2012,93,0,28455,Will Claxton,187,110,77
2012,93,0,26596,Ryan Moore,187,125,62
2012,96,0,32150,Michael Thompson,189,51,138
2012,97,0,22621,Ben Curtis,190,68,122
2012,98,0,22046,Geoff Ogilvy,191,72,119
2012,98,0,27214,Kevin Streelman,191,93,98
2012,100,0,28259,Sangmoon Bae,194,121,73
2012,101,0,12716,Charley Hoffman,199,80,119
2012,102,0,27895,Jonas Blixt,200,105,95
2012,102,0,27556,Ted Potter Jr.,200,152,48
2012,104,0,33122,Russell Knox,202,142,60
2012,104,0,25572,Graeme McDowell,202,169,33
2012,106,0,29289,S.Y. Noh,205,78,127
2012,107,0,33120,Mark Anderson,206,74,132
2012,107,0,22371,Aaron Baddeley,206,106,100
2012,109,0,20396,Lee Westwood,207,126,81
2012,110,0,23983,Luke Donald,209,133,76
2012,110,0,10809,Jim Furyk,209,146,63
2012,110,0,20574,Mathew Goggin,209,75,134
2012,113,0,23353,J.J. Henry,213,102,111
2012,114,0,33419,Cameron Tringale,218,80,138
2012,115,0,24925,Jonathan Byrd,220,109,111
2012,116,0,21407,Arjun Atwal,225,78,147
2012,117,0,12510,Chad Campbell,226,132,94
2012,117,0,27963,Chris Stroud,226,103,123
2012,119,0,12652,Cameron Beckman,228,142,86
2012,120,0,20645,John Senden,230,117,113
2012,121,0,24507,Jason Bohn,231,136,95
2012,121,0,10860,Justin Leonard,231,159,72
2012,121,0,23548,Bill Lunde,231,88,143
2012,124,0,25240,D.A. Points,233,135,98
2012,125,0,20766,Padraig Harrington,234,111,123
2012,126,0,28308,Troy Kelly,235,129,106
2012,127,0,34099,Harris English,238,94,144
2012,128,0,25396,Kevin Na,242,136,106
2012,129,0,25834,Daniel Summerhays,243,61,182
2012,130,0,27436,Graham DeLaet,246,87,159
2012,131,0,1810,Phil Mickelson,247,128,119
2012,132,0,20848,Ángel Cabrera,248,91,157
2012,133,0,23788,D.J. Trahan,251,150,101
2012,134,0,24663,Y.E. Yang,255,152,103
2012,135,0,29478,Kevin Kisner,259,103,156
2012,136,0,24490,George McNeill,260,106,154
2012,137,0,24361,Pat Perez,263,118,145
2012,138,0,26289,Boo Weekley,264,150,114
2012,139,0,30711,Colt Knost,265,149,116
2012,140,0,27466,Spencer Levin,266,163,103
2012,140,0,24502,Adam Scott,266,126,140
2012,142,0,25632,Jimmy Walker,269,118,151
2012,143,0,30927,Brendon Todd,271,121,150
2012,144,0,20623,Gavin Coles,272,170,102
2012,144,0,28307,Matt Every,272,121,151
2012,146,0,6034,Marco Dawson,274,114,160
2012,147,0,6251,Chris DiMarco,275,146,129
2012,148,0,20850,Daniel Chopra,277,111,166
2012,149,0,22961,David Mathis,278,162,116
2012,150,0,20593,Greg Chalmers,282,176,106
2012,151,0,20229,Stewart Cink,283,97,186
2012,151,0,30852,Ryo Ishikawa,283,121,162
2012,153,0,29479,Scott Brown,284,144,140
2012,154,0,30944,Jason Kokrak,292,113,179
2012,155,0,20098,Stuart Appleby,297,148,149
2012,156,0,32366,Kevin Chappell,298,140,158
2012,156,0,20572,Rod Pampling,298,164,134
2012,158,0,21961,Charles Howell III,300,173,127
2012,159,0,29926,Danny Lee,301,129,172
2012,159,0,26331,Charl Schwartzel,301,167,134
2012,161,0,29910,Blake Adams,306,174,132
2012,162,0,1320,Bob Estes,313,168,145
2012,162,0,22348,Nick O'Hern,313,179,134
2012,164,0,21350,Ryuji Imada,318,140,178
2012,165,0,27797,Derek Lamely,319,136,183
2012,166,0,24604,Hunter Haas,321,179,142
2012,167,0,32698,Bobby Gates,322,161,161
2012,168,0,32334,Charlie Beljan,323,152,171
2012,169,0,23903,Stephen Gangluff,324,133,191
2012,170,0,31202,William McGirt,325,156,169
2012,171,0,28500,Martin Flores,327,155,172
2012,172,0,31558,J.J. Killeen,330,165,165
2012,173,0,8725,Tom Gillis,331,184,147
2012,174,0,28087,Kris Blanks,332,170,162
2012,175,0,20104,Ken Duke,336,181,155
2012,175,0,20691,Greg Owen,336,156,180
2012,177,0,26300,Matt Jones,337,170,167
2012,178,0,23409,James Driscoll,339,165,174
2012,179,0,27064,Jhonattan Vegas,340,156,184
2012,180,0,31323,Gary Woodland,347,177,170
2012,181,0,6004,Stephen Ames,351,184,167
2012,182,0,21731,Freddie Jacobson,352,188,164
2012,183,0,6036,Scott Dunlap,353,178,175
2012,184,0,21209,Sergio Garcia,361,184,177
2012,185,0,24846,Ricky Barnes,363,187,176
2012,186,0,21528,Henrik Stenson,365,175,190
2012,187,0,23638,Brendon de Jonge,367,182,185
2012,188,0,11123,Chris Couch,370,182,188
2012,189,0,22378,Trevor Immelman,372,191,181
2012,190,0,23718,Nathan Green,377,190,187
2012,191,0,29222,Billy Hurley III,378,189,189
2008,1,0,21878,Mark Wilson,11,4,7
2008,2,0,6567,Vijay Singh,13,3,10
2008,3,0,6527,Steve Stricker,23,11,12
2008,4,0,24227,Justin Bolli,26,8,18
2008,4,0,21949,Joe Ogilvie,26,21,5
2008,6,0,24781,Hunter Mahan,31,16,15
2008,6,0,28158,Steve Marino,31,11,20
2008,6,0,27649,Brandt Snedeker,31,9,22
2008,9,0,20105,Jeff Gove,33,22,11
2008,10,0,24357,K.J. Choi,34,31,3
2008,11,0,20663,Brenden Pappas,37,5,32
2008,12,0,26476,Chez Reavie,43,22,21
2008,13,0,24358,Robert Garrigus,45,2,43
2008,14,0,22806,Doug LaBelle II,49,31,18
2008,15,0,23320,Ryan Palmer,52,7,45
2008,16,0,1724,Jeff Maggert,58,28,30
2008,17,0,20574,Mathew Goggin,60,44,16
2008,18,0,20848,Ángel Cabrera,63,1,62
2008,19,0,28780,Nicholas Thompson,67,14,53
2008,20,0,1707,Steve Lowery,72,38,34
2008,20,0,23325,Vaughn Taylor,72,35,37
2008,22,0,12716,Charley Hoffman,73,9,64
2008,23,0,19803,Ryan Armour,74,51,23
2008,24,0,2239,Scott Verplank,75,74,1
2008,25,0,1766,Billy Mayfair,77,26,51
2008,26,0,23541,Ben Crane,81,36,45
2008,27,0,20850,Daniel Chopra,83,60,23
2008,27,0,24490,George McNeill,83,17,66
2008,29,0,6643,Paul Goydos,84,80,4
2008,29,0,24138,Ian Poulter,84,82,2
2008,31,0,27141,J.B. Holmes,87,6,81
2008,32,0,12652,Cameron Beckman,88,60,28
2008,32,0,12782,Tim Herron,88,51,37
2008,34,0,1945,Kenny Perry,89,31,58
2008,34,0,2206,David Toms,89,31,58
2008,36,0,23623,Bo Van Pelt,90,29,61
2008,37,0,1941,Tom Pernice Jr.,91,64,27
2008,38,0,10809,Jim Furyk,97,72,25
2008,39,0,6595,Kevin Sutherland,101,17,84
2008,40,0,29718,Anthony Kim,103,15,88
2008,41,0,21805,Harrison Frazar,105,17,88
2008,42,0,22892,Jason Gore,106,25,81
2008,42,0,24502,Adam Scott,106,80,26
2008,44,0,22293,Heath Slocum,107,77,30
2008,45,0,21633,Steve Allan,109,38,71
2008,45,0,6090,Jim McGovern,109,102,7
2008,45,0,23621,Rory Sabbatini,109,102,7
2008,48,0,24024,Zach Johnson,115,98,17
2008,49,0,22348,Nick O'Hern,116,102,14
2008,50,0,12705,Cliff Kresge,118,42,76
2008,51,0,20229,Stewart Cink,119,22,97
2008,52,0,1473,Todd Hamilton,122,36,86
2008,53,0,22621,Ben Curtis,123,57,66
2008,54,0,8537,J.P. Hayes,126,86,40
2008,54,0,6012,Greg Kraft,126,89,37
2008,54,0,22046,Geoff Ogilvy,126,11,115
2008,54,0,10425,Jay Williamson,126,75,51
2008,58,0,1388,Robert Gamez,131,96,35
2008,58,0,22582,Kyle Thompson,131,69,62
2008,60,0,10423,Mike Weir,135,123,12
2008,61,0,23135,Tim Clark,136,93,43
2008,62,0,30925,Dustin Johnson,139,45,94
2008,63,0,20098,Stuart Appleby,141,75,66
2008,64,0,23048,Eric Axley,142,45,97
2008,65,0,28089,Jason Day,143,77,66
2008,65,0,23788,D.J. Trahan,143,96,47
2008,67,0,1024,Billy Andrade,144,53,91
2008,68,0,21753,Brian Davis,145,57,88
2008,69,0,7547,Craig Kanada,149,144,5
2008,69,0,23108,Matt Kuchar,149,117,32
2008,69,0,27060,John Mallinger,149,114,35
2008,72,0,25562,Andres Romero,151,17,134
2008,73,0,26679,Kevin Stadler,154,57,97
2008,74,0,23125,Brad Elder,155,89,66
2008,75,0,25364,Paul Casey,156,49,107
2008,75,0,23349,Charles Warren,156,26,130
2008,77,0,22548,Patrick Sheehan,160,113,47
2008,78,0,11032,Frank Lickliter II,166,92,74
2008,79,0,1226,Fred Couples,167,64,103
2008,79,0,26289,Boo Weekley,167,114,53
2008,81,0,20378,Mathias Grönberg,168,38,130
2008,82,0,7457,Steve Flesch,169,141,28
2008,83,0,1035,Tommy Armour III,172,55,117
2008,83,0,7867,Woody Austin,172,50,122
2008,85,0,8931,Glen Day,174,69,105
2008,86,0,20472,Alex Cejka,175,29,146
2008,87,0,23157,Richard Johnson,176,38,138
2008,88,0,26695,Michael Letzig,178,107,71
2008,88,0,7749,Brett Quigley,178,60,118
2008,90,0,22913,John Rollins,179,45,134
2008,90,0,27095,Nick Watney,179,72,107
2008,92,0,10733,Kent Jones,180,84,96
2008,93,0,23778,Brad Adamonis,181,107,74
2008,93,0,1706,Davis Love III,181,43,138
2008,93,0,25190,Jeff Quinney,181,134,47
2008,96,0,23614,Rich Beem,183,86,97
2008,97,0,20382,Stephen Leaney,186,64,122
2008,98,0,25900,Lucas Glover,190,69,121
2008,99,0,20498,Briny Baird,193,117,76
2008,99,0,10860,Justin Leonard,193,146,47
2008,99,0,8385,Omar Uresti,193,102,91
2008,102,0,1139,Olin Browne,196,139,57
2008,103,0,25345,Carl Pettersson,198,54,144
2008,104,0,24361,Pat Perez,202,84,118
2008,105,0,20634,Peter Lonard,203,117,86
2008,106,0,24140,Sean O'Hair,204,89,115
2008,107,0,1161,Mark Calcavecchia,205,129,76
2008,107,0,20433,Mark Hensby,205,111,94
2008,107,0,8075,Jerry Kelly,205,129,76
2008,107,0,21959,Ted Purdy,205,55,150
2008,111,0,1797,Rocco Mediate,210,64,146
2008,112,0,1553,John Huston,211,77,134
2008,113,0,27561,Nick Flanagan,212,68,144
2008,114,0,20623,Gavin Coles,217,176,41
2008,114,0,25632,Jimmy Walker,217,95,122
2008,116,0,27933,John Merrick,218,111,107
2008,116,0,26951,Johnson Wagner,218,86,132
2008,118,0,12680,Shigeki Maruyama,223,170,53
2008,119,0,21461,Kenneth Ferrie,224,133,91
2008,119,0,1677,Tom Lehman,224,168,56
2008,121,0,27613,David Lutterus,225,82,143
2008,122,0,10875,Todd Demsey,228,121,107
2008,122,0,25349,Tim Wilkinson,228,157,71
2008,124,0,1928,Corey Pavin,233,192,41
2008,125,0,6522,Ernie Els,234,107,127
2008,125,0,8845,Scott Sterling,234,176,58
2008,127,0,27936,Martin Laird,239,60,179
2008,127,0,20572,Rod Pampling,239,132,107
2008,129,0,12510,Chad Campbell,240,139,101
2008,130,0,20766,Padraig Harrington,241,45,196
2008,131,0,26631,Cody Freeman,242,124,118
2008,132,0,10885,Robert Allenby,244,93,151
2008,132,0,20443,Jin Park,244,141,103
2008,134,0,1313,Steve Elkington,245,169,76
2008,135,0,19846,Brian Gay,248,183,65
2008,136,0,25842,Jon Mills,251,98,153
2008,137,0,26596,Ryan Moore,257,152,105
2008,138,0,24449,Parker McLachlin,261,176,85
2008,139,0,19913,Ron Whittaker,264,137,127
2008,140,0,27120,Troy Matteson,266,98,168
2008,140,0,27770,Camilo Villegas,266,144,122
2008,142,0,24925,Jonathan Byrd,269,98,171
2008,142,0,30750,Tommy Gainey,269,114,155
2008,142,0,27963,Chris Stroud,269,107,162
2008,145,0,26420,Richard Johnson,271,190,81
2008,146,0,28475,Jeff Overton,275,148,127
2008,147,0,6575,Dudley Hart,278,146,132
2008,148,0,25396,Kevin Na,279,166,113
2008,148,0,25594,Travis Perkins,279,102,177
2008,150,0,12660,Jesper Parnevik,280,121,159
2008,151,0,26300,Matt Jones,283,117,166
2008,152,0,1810,Phil Mickelson,285,134,151
2008,153,0,23497,Tag Ridings,288,124,164
2008,153,0,20160,Charlie Wi,288,162,126
2008,155,0,10505,Shane Bertsch,289,188,101
2008,155,0,23797,Brett Rumford,289,124,165
2008,157,0,22371,Aaron Baddeley,291,157,134
2008,157,0,2223,Bob Tway,291,184,107
2008,159,0,21731,Freddie Jacobson,293,138,155
2008,160,0,12309,Bob Sowards,296,124,172
2008,161,0,26500,Alejandro Cañizares,301,155,146
2008,162,0,6034,Marco Dawson,303,150,153
2008,162,0,6251,Chris DiMarco,303,129,174
2008,164,0,25804,Bubba Watson,304,134,170
2008,165,0,1320,Bob Estes,309,196,113
2008,166,0,23540,Jason Allred,313,124,189
2008,166,0,1948,Tim Petrovic,313,175,138
2008,168,0,10649,Tom Scherrer,317,159,158
2008,168,0,12602,Dean Wilson,317,156,161
2008,170,0,22378,Trevor Immelman,323,185,138
2008,170,0,20127,Chris Riley,323,160,163
2008,170,0,26668,Marc Turnesa,323,148,175
2008,173,0,6004,Stephen Ames,328,182,146
2008,173,0,24924,Bill Haas,328,141,187
2008,175,0,20104,Ken Duke,331,193,138
2008,176,0,21350,Ryuji Imada,333,154,179
2008,176,0,2002,John Riegger,333,165,168
2008,178,0,20157,Retief Goosen,338,150,188
2008,178,0,10585,Scott McCarron,338,166,172
2008,180,0,24912,Will MacKenzie,344,163,181
2008,181,0,9011,David Duval,346,152,194
2008,182,0,12826,Paul Claxton,347,170,177
2008,182,0,23718,Nathan Green,347,164,183
2008,184,0,1142,Bart Bryant,350,195,155
2008,185,0,23353,J.J. Henry,352,186,166
2008,185,0,1577,Lee Janzen,352,160,192
2008,187,0,6197,Michael Allen,353,194,159
2008,187,0,27214,Kevin Streelman,353,170,183
2008,189,0,6621,Joe Durant,355,173,182
2008,190,0,24663,Y.E. Yang,363,180,183
2008,191,0,21961,Charles Howell III,364,189,175
2008,192,0,23409,James Driscoll,367,176,191
2008,193,0,6573,Brandt Jobe,368,173,195
2008,194,0,20645,John Senden,373,180,193
2008,195,0,25720,Chad Collins,377,191,186
2008,195,0,21209,Sergio Garcia,377,187,190
2008,197,0,12823,Carlos Franco,394,197,197
2007,1,0,2214,Kirk Triplett,2,1,1
2007,2,0,23983,Luke Donald,5,2,3
2007,3,0,19824,Craig Barlow,9,4,5
2007,4,0,21878,Mark Wilson,15,6,9
2007,5,0,1766,Billy Mayfair,16,9,7
2007,5,0,22295,Darron Stiles,16,5,11
2007,5,0,23325,Vaughn Taylor,16,12,4
2007,8,0,8537,J.P. Hayes,18,10,8
2007,8,0,1724,Jeff Maggert,18,7,11
2007,10,0,1132,Mark Brooks,21,7,14
2007,11,0,22046,Geoff Ogilvy,22,3,19
2007,12,0,20628,Arron Oberholser,26,13,13
2007,13,0,7363,Craig Bowden,36,30,6
2007,14,0,20574,Mathew Goggin,43,26,17
2007,15,0,20472,Alex Cejka,48,13,35
2007,15,0,20105,Jeff Gove,48,20,28
2007,17,0,1249,John Daly,56,13,43
2007,18,0,10885,Robert Allenby,57,23,34
2007,19,0,24781,Hunter Mahan,62,17,45
2007,19,0,29476,Kyle Reifers,62,13,49
2007,21,0,12705,Cliff Kresge,66,41,25
2007,21,0,6567,Vijay Singh,66,37,29
2007,23,0,20634,Peter Lonard,68,51,17
2007,24,0,21949,Joe Ogilvie,75,37,38
2007,24,0,6595,Kevin Sutherland,75,23,52
2007,26,0,8075,Jerry Kelly,77,63,14
2007,27,0,2206,David Toms,79,40,39
2007,27,0,24457,Jaco Van Zyl,79,22,57
2007,29,0,28158,Steve Marino,80,45,35
2007,30,0,27141,J.B. Holmes,82,17,65
2007,30,0,6527,Steve Stricker,82,43,39
2007,32,0,20378,Mathias Grönberg,86,54,32
2007,33,0,23614,Rich Beem,91,28,63
2007,33,0,27702,Matt Hendrix,91,67,24
2007,35,0,20766,Padraig Harrington,92,35,57
2007,35,0,27060,John Mallinger,92,67,25
2007,35,0,2101,Joey Sindelar,92,17,75
2007,38,0,1706,Davis Love III,94,27,67
2007,39,0,20433,Mark Hensby,97,48,49
2007,39,0,12782,Tim Herron,97,30,67
2007,39,0,27649,Brandt Snedeker,97,35,62
2007,42,0,20382,Stephen Leaney,99,70,29
2007,43,0,20498,Briny Baird,100,45,55
2007,44,0,23048,Eric Axley,101,54,47
2007,45,0,12680,Shigeki Maruyama,102,79,23
2007,46,0,26360,Bubba Dickerson,103,101,2
2007,47,0,20098,Stuart Appleby,106,90,16
2007,47,0,23135,Tim Clark,106,79,27
2007,49,0,1388,Robert Gamez,110,67,43
2007,50,0,24357,K.J. Choi,112,79,33
2007,51,0,10425,Jay Williamson,113,94,19
2007,52,0,6251,Chris DiMarco,115,73,42
2007,52,0,1473,Todd Hamilton,115,11,104
2007,54,0,10423,Mike Weir,116,106,10
2007,55,0,1035,Tommy Armour III,118,61,57
2007,56,0,23349,Charles Warren,119,20,99
2007,57,0,21753,Brian Davis,121,54,67
2007,58,0,1024,Billy Andrade,122,37,85
2007,59,0,27120,Troy Matteson,123,94,29
2007,60,0,12652,Cameron Beckman,126,59,67
2007,61,0,23788,D.J. Trahan,127,48,79
2007,62,0,24290,D.J. Brigman,130,45,85
2007,62,0,23800,Bryce Molder,130,25,105
2007,62,0,24502,Adam Scott,130,108,22
2007,65,0,21660,Jason Schultz,131,59,72
2007,66,0,1945,Kenny Perry,132,86,46
2007,67,0,24140,Sean O'Hair,136,89,47
2007,68,0,21470,Daisuke Maruyama,137,118,19
2007,69,0,25345,Carl Pettersson,142,86,56
2007,70,0,22621,Ben Curtis,149,112,37
2007,71,0,10117,Bob Heintz,151,54,97
2007,71,0,12660,Jesper Parnevik,151,112,39
2007,73,0,24358,Robert Garrigus,153,30,123
2007,73,0,27933,John Merrick,153,90,63
2007,73,0,23320,Ryan Palmer,153,30,123
2007,76,0,23623,Bo Van Pelt,161,71,90
2007,77,0,20229,Stewart Cink,163,51,112
2007,77,0,27770,Camilo Villegas,163,58,105
2007,79,0,22913,John Rollins,164,79,85
2007,80,0,24924,Bill Haas,165,51,114
2007,81,0,25273,Andrew Buckle,166,28,138
2007,81,0,28475,Jeff Overton,166,99,67
2007,83,0,20157,Retief Goosen,171,79,92
2007,84,0,21805,Harrison Frazar,172,41,131
2007,85,0,21633,Steve Allan,176,111,65
2007,86,0,27963,Chris Stroud,178,78,100
2007,87,0,12716,Charley Hoffman,179,50,129
2007,87,0,1928,Corey Pavin,179,127,52
2007,89,0,10733,Kent Jones,180,61,119
2007,90,0,29718,Anthony Kim,181,63,118
2007,90,0,24138,Ian Poulter,181,102,79
2007,92,0,6522,Ernie Els,184,30,154
2007,93,0,24507,Jason Bohn,187,71,116
2007,93,0,26881,Jarrod Lyle,187,115,72
2007,95,0,7547,Craig Kanada,189,132,57
2007,96,0,20127,Chris Riley,191,130,61
2007,97,0,24024,Zach Johnson,192,114,78
2007,97,0,1707,Steve Lowery,192,140,52
2007,99,0,8931,Glen Day,195,99,96
2007,99,0,21350,Ryuji Imada,195,79,116
2007,101,0,19803,Ryan Armour,198,96,102
2007,101,0,12195,Tom Johnson,198,96,102
2007,103,0,6004,Stephen Ames,202,119,83
2007,104,0,20859,Anders Hansen,206,121,85
2007,105,0,2239,Scott Verplank,207,132,75
2007,106,0,7749,Brett Quigley,208,66,142
2007,107,0,1941,Tom Pernice Jr.,209,117,92
2007,108,0,10213,Dicky Pride,213,108,105
2007,109,0,25190,Jeff Quinney,214,122,92
2007,110,0,22212,Craig Lile,216,102,114
2007,111,0,22892,Jason Gore,219,63,156
2007,111,0,23353,J.J. Henry,219,140,79
2007,111,0,26679,Kevin Stadler,219,90,129
2007,114,0,8375,Paul Stankowski,220,75,145
2007,115,0,1797,Rocco Mediate,221,77,144
2007,115,0,21959,Ted Purdy,221,86,135
2007,117,0,20623,Gavin Coles,223,144,79
2007,118,0,23933,Michael Boyd,224,149,75
2007,118,0,22378,Trevor Immelman,224,175,49
2007,120,0,24980,Scott Gutschewski,227,74,153
2007,120,0,10860,Justin Leonard,227,137,90
2007,122,0,27095,Nick Watney,230,90,140
2007,123,0,25396,Kevin Na,236,164,72
2007,124,0,2246,Duffy Waldorf,237,105,132
2007,125,0,25804,Bubba Watson,239,43,196
2007,126,0,8881,Tripp Isenhour,241,132,109
2007,127,0,22348,Nick O'Hern,244,79,165
2007,128,0,23638,Brendon de Jonge,245,98,147
2007,129,0,11123,Chris Couch,249,76,173
2007,130,0,7223,Brian Bateman,253,119,134
2007,131,0,10809,Jim Furyk,254,144,110
2007,131,0,19846,Brian Gay,254,131,123
2007,133,0,2104,Jeff Sluman,255,172,83
2007,134,0,23621,Rory Sabbatini,256,159,97
2007,134,0,22293,Heath Slocum,256,108,148
2007,136,0,26420,Richard Johnson,258,153,105
2007,136,0,11032,Frank Lickliter II,258,102,156
2007,138,0,12510,Chad Campbell,259,132,127
2007,139,0,23108,Matt Kuchar,261,139,122
2007,140,0,20572,Rod Pampling,262,152,110
2007,141,0,12602,Dean Wilson,263,123,140
2007,142,0,24912,Will MacKenzie,264,106,158
2007,142,0,12714,Chris Tidland,264,128,136
2007,144,0,7867,Woody Austin,267,144,123
2007,145,0,7457,Steve Flesch,268,168,100
2007,145,0,1381,Fred Funk,268,173,95
2007,147,0,1157,Tom Byrum,270,185,85
2007,148,0,26596,Ryan Moore,271,128,143
2007,149,0,6621,Joe Durant,273,137,136
2007,150,0,22405,Justin Rose,275,125,150
2007,151,0,1161,Mark Calcavecchia,276,115,161
2007,152,0,25686,Jason Dufner,281,154,127
2007,153,0,21646,David Branshaw,288,149,139
2007,154,0,8123,Jeff Brehaut,289,157,132
2007,155,0,23718,Nathan Green,294,175,119
2007,156,0,1313,Steve Elkington,299,187,112
2007,156,0,1577,Lee Janzen,299,123,176
2007,158,0,20645,John Senden,303,149,154
2007,159,0,21961,Charles Howell III,305,157,148
2007,160,0,21731,Freddie Jacobson,306,144,162
2007,160,0,24361,Pat Perez,306,125,181
2007,162,0,20850,Daniel Chopra,307,136,171
2007,162,0,23322,Brett Wetterich,307,162,145
2007,164,0,26289,Boo Weekley,309,190,119
2007,165,0,6643,Paul Goydos,314,164,150
2007,166,0,25900,Lucas Glover,316,140,176
2007,166,0,8793,Tiger Woods,316,144,172
2007,168,0,23613,Rich Barcelo,317,155,162
2007,169,0,1677,Tom Lehman,320,170,150
2007,170,0,2223,Bob Tway,322,163,159
2007,171,0,23497,Tag Ridings,327,140,187
2007,172,0,6034,Marco Dawson,333,159,174
2007,173,0,20691,Greg Owen,335,170,165
2007,174,0,22371,Aaron Baddeley,340,180,160
2007,174,0,6515,Shaun Micheel,340,156,184
2007,176,0,24449,Parker McLachlin,343,164,179
2007,177,0,21806,Paul Gow,349,181,168
2007,177,0,28486,Michael Putnam,349,159,190
2007,179,0,20160,Charlie Wi,354,184,170
2007,180,0,1142,Bart Bryant,355,193,162
2007,181,0,6197,Michael Allen,356,188,168
2007,181,0,21528,Henrik Stenson,356,164,192
2007,181,0,26951,Johnson Wagner,356,168,188
2007,184,0,22806,Doug LaBelle II,357,179,178
2007,185,0,19972,José Coceres,362,195,167
2007,186,0,24490,George McNeill,364,182,182
2007,187,0,1948,Tim Petrovic,365,186,179
2007,188,0,24925,Jonathan Byrd,367,178,189
2007,188,0,2036,Jim Rutledge,367,173,194
2007,188,0,25892,Steve Wheatcroft,367,192,175
2007,191,0,20104,Ken Duke,370,188,182
2007,191,0,26882,Michael Sim,370,175,195
2007,193,0,6373,José María Olazábal,374,183,191
2007,194,0,1320,Bob Estes,376,191,185
2007,195,0,1810,Phil Mickelson,382,196,186
2007,196,0,21209,Sergio Garcia,387,194,193
2009,1,0,6567,Vijay Singh,5,2,3
2009,1,0,22295,Darron Stiles,5,4,1
2009,3,0,29718,Anthony Kim,11,1,10
2009,4,0,29221,Webb Simpson,12,2,10
2009,5,0,2206,David Toms,24,17,7
2009,6,0,23320,Ryan Palmer,27,9,18
2009,7,0,21878,Mark Wilson,29,7,22
2009,8,0,21949,Joe Ogilvie,31,13,18
2009,9,0,27060,John Mallinger,32,18,14
2009,10,0,22046,Geoff Ogilvy,33,24,9
2009,11,0,1945,Kenny Perry,38,25,13
2009,12,0,28158,Steve Marino,40,6,34
2009,13,0,1724,Jeff Maggert,48,44,4
2009,13,0,24449,Parker McLachlin,48,41,7
2009,15,0,24357,K.J. Choi,51,45,6
2009,15,0,6595,Kevin Sutherland,51,11,40
2009,17,0,22892,Jason Gore,55,33,22
2009,18,0,22293,Heath Slocum,56,40,16
2009,19,0,23325,Vaughn Taylor,57,14,43
2009,20,0,8931,Glen Day,58,25,33
2009,21,0,26476,Chez Reavie,60,58,2
2009,22,0,21753,Brian Davis,63,31,32
2009,22,0,28118,Peter Tomasulo,63,34,29
2009,24,0,24358,Robert Garrigus,64,9,55
2009,24,0,12705,Cliff Kresge,64,48,16
2009,26,0,27141,J.B. Holmes,65,5,60
2009,27,0,6522,Ernie Els,66,48,18
2009,28,0,28620,Aron Price,68,29,39
2009,29,0,27649,Brandt Snedeker,72,38,34
2009,30,0,24781,Hunter Mahan,76,58,18
2009,31,0,25240,D.A. Points,77,48,29
2009,32,0,27770,Camilo Villegas,78,54,24
2009,33,0,22348,Nick O'Hern,79,75,4
2009,34,0,27933,John Merrick,81,21,60
2009,35,0,25345,Carl Pettersson,82,70,12
2009,36,0,20574,Mathew Goggin,83,34,49
2009,36,0,24138,Ian Poulter,83,58,25
2009,38,0,25562,Andres Romero,89,16,73
2009,39,0,1226,Fred Couples,90,30,60
2009,40,0,30925,Dustin Johnson,93,12,81
2009,41,0,20070,Matt Bettencourt,95,45,50
2009,42,0,23623,Bo Van Pelt,98,32,66
2009,42,0,26498,Matt Weibring,98,27,71
2009,44,0,20229,Stewart Cink,100,54,46
2009,45,0,24507,Jason Bohn,101,48,53
2009,45,0,1706,Davis Love III,101,15,86
2009,47,0,10117,Bob Heintz,104,38,66
2009,47,0,2214,Kirk Triplett,104,70,34
2009,49,0,1313,Steve Elkington,107,57,50
2009,50,0,21805,Harrison Frazar,108,7,101
2009,50,0,27936,Martin Laird,108,19,89
2009,52,0,20472,Alex Cejka,110,70,40
2009,53,0,23548,Bill Lunde,116,58,58
2009,54,0,1766,Billy Mayfair,119,48,71
2009,55,0,24024,Zach Johnson,120,94,26
2009,56,0,28780,Nicholas Thompson,122,34,88
2009,57,0,1941,Tom Pernice Jr.,123,89,34
2009,57,0,10425,Jay Williamson,123,89,34
2009,59,0,20850,Daniel Chopra,126,79,47
2009,59,0,6012,Greg Kraft,126,111,15
2009,61,0,23614,Rich Beem,128,54,74
2009,62,0,28089,Jason Day,131,21,110
2009,63,0,26679,Kevin Stadler,136,41,95
2009,63,0,27963,Chris Stroud,136,45,91
2009,65,0,26851,Marc Leishman,137,19,118
2009,66,0,2239,Scott Verplank,140,85,55
2009,67,0,30711,Colt Knost,141,98,43
2009,68,0,1810,Phil Mickelson,142,37,105
2009,68,0,23800,Bryce Molder,142,64,78
2009,70,0,26300,Matt Jones,143,21,122
2009,71,0,7223,Brian Bateman,144,63,81
2009,72,0,21959,Ted Purdy,146,48,98
2009,73,0,25818,Scott Piercy,148,27,121
2009,74,0,1707,Steve Lowery,149,89,60
2009,75,0,20634,Peter Lonard,150,80,70
2009,76,0,23541,Ben Crane,151,82,69
2009,77,0,12652,Cameron Beckman,153,93,60
2009,78,0,23135,Tim Clark,154,114,40
2009,78,0,23621,Rory Sabbatini,154,80,74
2009,80,0,24361,Pat Perez,159,58,101
2009,81,0,22621,Ben Curtis,160,84,76
2009,82,0,22913,John Rollins,161,85,76
2009,82,0,23349,Charles Warren,161,66,95
2009,84,0,1797,Rocco Mediate,164,85,79
2009,85,0,1132,Mark Brooks,165,105,60
2009,86,0,6643,Paul Goydos,167,109,58
2009,87,0,22961,David Mathis,169,140,29
2009,88,0,22405,Justin Rose,173,123,50
2009,89,0,25900,Lucas Glover,175,121,54
2009,89,0,26289,Boo Weekley,175,132,43
2009,91,0,12716,Charley Hoffman,176,41,135
2009,92,0,23108,Matt Kuchar,177,130,47
2009,93,0,1035,Tommy Armour III,178,123,55
2009,94,0,6539,Rick Price,180,66,114
2009,94,0,6527,Steve Stricker,180,66,114
2009,96,0,26695,Michael Letzig,183,75,108
2009,97,0,23497,Tag Ridings,188,66,122
2009,98,0,10860,Justin Leonard,189,163,26
2009,99,0,19846,Brian Gay,190,162,28
2009,100,0,26668,Marc Turnesa,192,111,81
2009,101,0,25190,Jeff Quinney,193,127,66
2009,102,0,12782,Tim Herron,195,82,113
2009,103,0,10733,Kent Jones,200,99,101
2009,103,0,8075,Jerry Kelly,200,109,91
2009,103,0,25919,Brian Vranesh,200,105,95
2009,106,0,27120,Troy Matteson,203,75,128
2009,106,0,24140,Sean O'Hair,203,117,86
2009,108,0,7749,Brett Quigley,206,64,142
2009,109,0,1473,Todd Hamilton,209,129,80
2009,109,0,20766,Padraig Harrington,209,95,114
2009,111,0,23788,D.J. Trahan,210,126,84
2009,111,0,26497,Casey Wittenberg,210,85,125
2009,113,0,27683,Leif Olson,217,78,139
2009,114,0,26951,Johnson Wagner,218,134,84
2009,115,0,23638,Brendon de Jonge,222,102,120
2009,116,0,10885,Robert Allenby,224,95,129
2009,117,0,24490,George McNeill,225,74,151
2009,118,0,24912,Will MacKenzie,227,122,105
2009,119,0,20848,Ángel Cabrera,228,99,129
2009,119,0,12510,Chad Campbell,228,102,126
2009,121,0,27214,Kevin Streelman,230,95,135
2009,122,0,22548,Patrick Sheehan,232,141,91
2009,123,0,24503,Jeff Klauk,233,89,144
2009,124,0,25804,Bubba Watson,234,73,161
2009,125,0,1948,Tim Petrovic,239,148,91
2009,125,0,10423,Mike Weir,239,130,109
2009,127,0,26420,Richard Johnson,244,146,98
2009,128,0,24502,Adam Scott,245,135,110
2009,129,0,26596,Ryan Moore,246,145,101
2009,130,0,30927,Brendon Todd,248,119,129
2009,131,0,1161,Mark Calcavecchia,251,111,140
2009,132,0,20572,Rod Pampling,254,156,98
2009,133,0,23983,Luke Donald,255,107,148
2009,133,0,21731,Freddie Jacobson,255,166,89
2009,135,0,20098,Stuart Appleby,261,119,142
2009,135,0,7867,Woody Austin,261,123,138
2009,137,0,6251,Chris DiMarco,262,116,146
2009,138,0,27466,Spencer Levin,264,159,105
2009,139,0,24925,Jonathan Byrd,265,102,163
2009,139,0,9011,David Duval,265,99,166
2009,141,0,23778,Brad Adamonis,270,152,118
2009,141,0,20498,Briny Baird,270,114,156
2009,143,0,7457,Steve Flesch,280,158,122
2009,144,0,31323,Gary Woodland,284,118,166
2009,145,0,10809,Jim Furyk,285,138,147
2009,146,0,23718,Nathan Green,288,148,140
2009,147,0,21350,Ryuji Imada,289,154,135
2009,148,0,1329,Brad Faxon,290,180,110
2009,148,0,25632,Jimmy Walker,290,107,183
2009,150,0,8845,Scott Sterling,292,178,114
2009,151,0,23048,Eric Axley,296,163,133
2009,151,0,20691,Greg Owen,296,138,158
2009,151,0,20127,Chris Riley,296,170,126
2009,154,0,1577,Lee Janzen,297,142,155
2009,155,0,26881,Jarrod Lyle,298,128,170
2009,156,0,24663,Y.E. Yang,299,151,148
2009,157,0,20593,Greg Chalmers,301,144,157
2009,158,0,25686,Jason Dufner,306,172,134
2009,159,0,8793,Tiger Woods,307,136,171
2009,160,0,31416,Derek Fathauer,308,132,176
2009,160,0,1928,Corey Pavin,308,179,129
2009,162,0,28475,Jeff Overton,309,161,148
2009,163,0,27095,Nick Watney,310,146,164
2009,164,0,20157,Retief Goosen,316,136,180
2009,165,0,26301,James Nitties,318,166,152
2009,166,0,12602,Dean Wilson,319,159,160
2009,167,0,1677,Tom Lehman,320,168,152
2009,168,0,23353,J.J. Henry,321,148,173
2009,169,0,22371,Aaron Baddeley,323,142,181
2009,169,0,20645,John Senden,323,152,171
2009,171,0,20104,Ken Duke,326,181,145
2009,172,0,10585,Scott McCarron,328,154,174
2009,173,0,21961,Charles Howell III,329,177,152
2009,174,0,20160,Charlie Wi,330,171,159
2009,175,0,24924,Bill Haas,332,156,176
2009,176,0,25396,Kevin Na,338,173,165
2009,177,0,24846,Ricky Barnes,343,175,168
2009,177,0,21209,Sergio Garcia,343,169,174
2009,179,0,6004,Stephen Ames,344,165,179
2009,180,0,6197,Michael Allen,346,184,162
2009,181,0,28087,Kris Blanks,350,174,176
2009,182,0,1142,Bart Bryant,352,183,169
2009,183,0,6621,Joe Durant,357,175,182
2009,184,0,1320,Bob Estes,366,182,184
2017,1,0,33448,Justin Thomas,7,5,2
2017,2,0,29485,Brett Stegmaier,10,6,4
2017,3,0,33204,Shane Lowry,12,4,8
2017,4,0,28237,Rory McIlroy,15,2,13
2017,5,0,20472,Alex Cejka,17,11,6
2017,5,0,31416,Derek Fathauer,17,2,15
2017,7,0,25818,Scott Piercy,18,12,6
2017,8,0,47128,Richy Werenski,20,9,11
2017,9,0,23325,Vaughn Taylor,28,27,1
2017,10,0,25493,Nick Taylor,30,10,20
2017,11,0,29908,C.T. Pan,36,33,3
2017,11,0,25632,Jimmy Walker,36,20,16
2017,13,0,46970,Jon Rahm,37,1,36
2017,14,0,46440,Smylie Kaufman,43,17,26
2017,15,0,33461,Morgan Hoffmann,46,30,16
2017,15,0,27974,Sung Kang,46,17,29
2017,17,0,46601,Trey Mullinax,48,24,24
2017,18,0,23621,Rory Sabbatini,49,25,24
2017,19,0,31420,Anirban Lahiri,50,17,33
2017,19,0,32640,Troy Merritt,50,34,16
2017,19,0,23320,Ryan Palmer,50,20,30
2017,22,0,33141,Keegan Bradley,55,13,42
2017,23,0,32102,Rickie Fowler,58,44,14
2017,24,0,29223,Sam Saunders,59,29,30
2017,25,0,29476,Kyle Reifers,60,49,11
2017,26,0,48081,Xander Schauffele,62,27,35
2017,27,0,30692,Scott Stallings,63,22,41
2017,28,0,40009,Dominic Bozzelli,66,38,28
2017,29,0,24358,Robert Garrigus,67,7,60
2017,29,0,24140,Sean O'Hair,67,41,26
2017,29,0,22056,Cameron Percy,67,14,53
2017,32,0,32448,James Hahn,68,32,36
2017,33,0,35450,Patrick Cantlay,70,34,36
2017,34,0,34174,John Huh,71,49,22
2017,35,0,23497,Tag Ridings,73,8,65
2017,36,0,27958,Ryan Blaum,75,15,60
2017,37,0,30110,Kyle Stanley,78,44,34
2017,38,0,29926,Danny Lee,79,22,57
2017,39,0,29289,S.Y. Noh,80,30,50
2017,40,0,6522,Ernie Els,81,60,21
2017,41,0,35545,Blayne Barber,82,37,45
2017,41,0,24024,Zach Johnson,82,52,30
2017,43,0,34021,Bud Cauley,83,34,49
2017,44,0,24357,K.J. Choi,88,79,9
2017,45,0,1810,Phil Mickelson,89,15,74
2017,46,0,27644,Brian Harman,92,56,36
2017,47,0,26951,Johnson Wagner,93,46,47
2017,48,0,39975,Michael Kim,94,41,53
2017,49,0,27895,Jonas Blixt,99,46,53
2017,50,0,19846,Brian Gay,102,86,16
2017,50,0,37454,Whee Kim,102,52,50
2017,52,0,34409,David Lingmerth,105,41,64
2017,53,0,27129,Luke List,108,39,69
2017,54,0,20157,Retief Goosen,110,26,84
2017,55,0,23108,Matt Kuchar,111,61,50
2017,56,0,34099,Harris English,112,40,72
2017,57,0,23353,J.J. Henry,114,52,62
2017,58,0,46732,Rick Lamb,115,58,57
2017,58,0,29221,Webb Simpson,115,92,23
2017,60,0,25349,Tim Wilkinson,116,112,4
2017,61,0,25240,D.A. Points,117,72,45
2017,62,0,34466,Peter Malnati,123,79,44
2017,63,0,26596,Ryan Moore,124,88,36
2017,64,0,33948,Byeong Hun An,127,52,75
2017,64,0,34046,Jordan Spieth,127,61,66
2017,66,0,30944,Jason Kokrak,133,48,85
2017,67,0,29461,Jamie Lovemark,141,56,85
2017,68,0,24507,Jason Bohn,147,137,10
2017,69,0,40058,Zac Blair,151,74,77
2017,69,0,26329,Louis Oosthuizen,151,49,102
2017,69,0,28132,Tyrone Van Aswegen,151,76,75
2017,72,0,39954,Cody Gribble,153,58,95
2017,72,0,22405,Justin Rose,153,65,88
2017,74,0,27936,Martin Laird,154,66,88
2017,75,0,28093,Miguel Angel Carballo,155,70,85
2017,76,0,20771,Steven Alker,162,83,79
2017,77,0,26300,Matt Jones,164,105,59
2017,78,0,30191,Julián Etulain,165,88,77
2017,79,0,26499,Rafa Cabrera Bello,168,97,71
2017,79,0,25198,Francesco Molinari,168,78,90
2017,81,0,22046,Geoff Ogilvy,171,92,79
2017,82,0,23541,Ben Crane,173,94,79
2017,83,0,30926,Chris Kirk,174,131,43
2017,84,0,34213,Grayson Murray,176,76,100
2017,85,0,29420,Billy Horschel,178,112,66
2017,85,0,37278,Nicholas Lindheim,178,112,66
2017,85,0,33418,Shawn Stefani,178,99,79
2017,85,0,33419,Cameron Tringale,178,88,90
2017,89,0,27436,Graham DeLaet,179,117,62
2017,89,0,26758,David Hearn,179,68,111
2017,91,0,27963,Chris Stroud,180,82,98
2017,92,0,35879,Kelly Kraft,181,72,109
2017,92,0,27214,Kevin Streelman,181,91,90
2017,94,0,32757,Patton Kizzire,186,66,120
2017,95,0,34098,Russell Henley,193,146,47
2017,96,0,28089,Jason Day,196,63,133
2017,96,0,35532,Tom Hoge,196,63,133
2017,96,0,29478,Kevin Kisner,196,79,117
2017,99,0,24502,Adam Scott,201,74,127
2017,100,0,28252,Seamus Power,202,84,118
2017,101,0,25720,Chad Collins,203,108,95
2017,101,0,37189,Harold Varner III,203,108,95
2017,103,0,25686,Jason Dufner,210,99,111
2017,103,0,24924,Bill Haas,210,85,125
2017,105,0,29518,Brendan Steele,211,121,90
2017,106,0,35891,Cameron Smith,212,112,100
2017,107,0,26476,Chez Reavie,213,134,79
2017,108,0,25834,Daniel Summerhays,216,144,72
2017,109,0,39324,J.J. Spaun,217,86,131
2017,110,0,20593,Greg Chalmers,218,162,56
2017,110,0,26851,Marc Leishman,218,105,113
2017,112,0,24781,Hunter Mahan,225,70,155
2017,113,0,31560,Brian Stuard,228,126,102
2017,114,0,31202,William McGirt,231,116,115
2017,114,0,27770,Camilo Villegas,231,141,90
2017,116,0,32839,Hideki Matsuyama,232,104,128
2017,117,0,28307,Matt Every,235,94,141
2017,118,0,27141,J.B. Holmes,237,69,168
2017,119,0,12510,Chad Campbell,239,134,105
2017,119,0,30925,Dustin Johnson,239,98,141
2017,121,0,33399,Adam Hadwin,241,119,122
2017,122,0,27095,Nick Watney,244,108,136
2017,123,0,20229,Stewart Cink,245,129,116
2017,123,0,27466,Spencer Levin,245,175,70
2017,123,0,27649,Brandt Snedeker,245,123,122
2017,126,0,21209,Sergio Garcia,246,94,152
2017,127,0,47959,Bryson DeChambeau,247,119,128
2017,128,0,29720,Andres Gonzales,249,141,108
2017,128,0,29222,Billy Hurley III,249,108,141
2017,128,0,24361,Pat Perez,249,103,146
2017,131,0,32366,Kevin Chappell,251,99,152
2017,131,0,35506,Mackenzie Hughes,251,123,128
2017,133,0,26289,Boo Weekley,252,153,99
2017,134,0,37455,Si Woo Kim,253,105,148
2017,135,0,29479,Scott Brown,256,123,133
2017,136,0,33120,Mark Anderson,258,140,118
2017,136,0,25892,Steve Wheatcroft,258,134,124
2017,138,0,33413,Ben Martin,259,150,109
2017,139,0,25364,Paul Casey,263,126,137
2017,139,0,31323,Gary Woodland,263,99,164
2017,141,0,25900,Lucas Glover,264,162,102
2017,142,0,25345,Carl Pettersson,266,145,121
2017,143,0,25396,Kevin Na,267,162,105
2017,144,0,46443,Brian Campbell,270,121,149
2017,145,0,33122,Russell Knox,273,160,113
2017,146,0,20104,Ken Duke,286,181,105
2017,146,0,28500,Martin Flores,286,131,155
2017,148,0,22371,Aaron Baddeley,287,161,126
2017,148,0,48822,Sebastián Muñoz,287,150,137
2017,150,0,32200,Roberto Castro,289,130,159
2017,151,0,31646,Emiliano Grillo,291,154,137
2017,152,0,29725,Tony Finau,292,137,155
2017,152,0,12716,Charley Hoffman,292,128,164
2017,152,0,35300,Andrew Loupe,292,117,175
2017,155,0,36699,Patrick Rodgers,298,139,159
2017,156,0,49771,J.T. Poston,301,150,151
2017,157,0,19803,Ryan Armour,302,157,145
2017,157,0,35110,Brett Drewitt,302,141,161
2017,157,0,21961,Charles Howell III,302,171,131
2017,160,0,34360,Patrick Reed,305,133,172
2017,161,0,40026,Daniel Berger,315,154,161
2017,162,0,48084,Wesley Bryan,317,177,140
2017,163,0,10809,Jim Furyk,323,179,144
2017,164,0,36689,Brooks Koepka,324,154,170
2017,165,0,46550,Brandon Hagy,325,149,176
2017,165,0,24138,Ian Poulter,325,173,152
2017,167,0,32150,Michael Thompson,326,158,168
2017,168,0,23983,Luke Donald,327,146,181
2017,169,0,25274,Steven Bowditch,329,146,183
2017,170,0,28679,Fabián Gómez,330,166,164
2017,170,0,32333,Kevin Tway,330,175,155
2017,172,0,29974,Branden Grace,331,181,150
2017,173,0,34358,Jonathan Randolph,333,186,147
2017,173,0,34431,Robert Streb,333,170,163
2017,175,0,29740,Brad Fritsch,341,158,183
2017,175,0,25572,Graeme McDowell,341,167,174
2017,175,0,34264,Hudson Swafford,341,165,176
2017,178,0,31557,Jim Herman,345,173,172
2017,179,0,28420,Ryan Brehm,354,169,185
2017,179,0,27064,Jhonattan Vegas,354,167,187
2017,181,0,23800,Bryce Molder,355,184,171
2017,182,0,20572,Rod Pampling,357,190,167
2017,182,0,25804,Bubba Watson,357,177,180
2017,184,0,22986,Søren Kjeldsen,361,185,176
2017,184,0,26331,Charl Schwartzel,361,171,190
2017,186,0,25191,Gonzalo Fernandez-Castaño,362,183,179
2017,187,0,30852,Ryo Ishikawa,368,180,188
2017,188,0,24846,Ricky Barnes,370,189,181
2017,189,0,36801,Mark Hubbard,373,187,186
2017,190,0,46501,Ollie Schniederjans,377,188,189
2010,1,0,21878,Mark Wilson,3,2,1
2010,2,0,1249,John Daly,10,1,9
2010,3,0,28620,Aron Price,16,13,3
2010,4,0,22293,Heath Slocum,17,11,6
2010,4,0,2206,David Toms,17,15,2
2010,6,0,27933,John Merrick,18,8,10
2010,7,0,28237,Rory McIlroy,25,15,10
2010,8,0,24024,Zach Johnson,28,13,15
2010,9,0,23623,Bo Van Pelt,29,24,5
2010,10,0,27060,John Mallinger,36,19,17
2010,11,0,1945,Kenny Perry,37,29,8
2010,12,0,21949,Joe Ogilvie,41,17,24
2010,13,0,1724,Jeff Maggert,42,38,4
2010,14,0,1766,Billy Mayfair,44,22,22
2010,14,0,6567,Vijay Singh,44,20,24
2010,16,0,27120,Troy Matteson,49,10,39
2010,17,0,27141,J.B. Holmes,53,5,48
2010,17,0,25562,Andres Romero,53,3,50
2010,19,0,25364,Paul Casey,56,27,29
2010,20,0,8537,J.P. Hayes,57,44,13
2010,20,0,23788,D.J. Trahan,57,37,20
2010,22,0,23621,Rory Sabbatini,61,35,26
2010,22,0,23325,Vaughn Taylor,61,24,37
2010,24,0,23541,Ben Crane,62,23,39
2010,25,0,22913,John Rollins,63,41,22
2010,26,0,20378,Mathias Grönberg,64,33,31
2010,27,0,31560,Brian Stuard,70,55,15
2010,28,0,27649,Brandt Snedeker,78,32,46
2010,29,0,6012,Greg Kraft,80,47,33
2010,29,0,32617,Jerod Turner,80,67,13
2010,31,0,23320,Ryan Palmer,83,4,79
2010,32,0,1161,Mark Calcavecchia,85,24,61
2010,33,0,8075,Jerry Kelly,86,76,10
2010,33,0,23307,Roger Tambellini,86,39,47
2010,35,0,25345,Carl Pettersson,88,70,18
2010,35,0,26287,Roland Thatcher,88,35,53
2010,37,0,28087,Kris Blanks,89,55,34
2010,38,0,12782,Tim Herron,90,48,42
2010,39,0,30925,Dustin Johnson,91,17,74
2010,39,0,6595,Kevin Sutherland,91,30,61
2010,41,0,21753,Brian Davis,94,55,39
2010,41,0,20105,Jeff Gove,94,68,26
2010,43,0,27797,Derek Lamely,95,8,87
2010,44,0,21959,Ted Purdy,96,11,85
2010,45,0,20766,Padraig Harrington,100,21,79
2010,46,0,6527,Steve Stricker,104,44,60
2010,47,0,28089,Jason Day,110,54,56
2010,48,0,25818,Scott Piercy,111,6,105
2010,49,0,8375,Paul Stankowski,112,33,79
2010,50,0,23673,Michael Connell,116,59,57
2010,51,0,24912,Will MacKenzie,120,30,90
2010,52,0,23613,Rich Barcelo,121,64,57
2010,52,0,20848,Ángel Cabrera,121,71,50
2010,54,0,27330,Josh Teater,122,44,78
2010,55,0,10885,Robert Allenby,126,84,42
2010,56,0,20229,Stewart Cink,129,50,79
2010,56,0,6251,Chris DiMarco,129,50,79
2010,58,0,26881,Jarrod Lyle,131,96,35
2010,58,0,24663,Y.E. Yang,131,103,28
2010,60,0,12705,Cliff Kresge,132,126,6
2010,61,0,27963,Chris Stroud,133,80,53
2010,62,0,27936,Martin Laird,135,86,49
2010,63,0,22056,Cameron Percy,136,41,95
2010,64,0,23548,Bill Lunde,138,59,79
2010,64,0,24781,Hunter Mahan,138,96,42
2010,66,0,26596,Ryan Moore,139,86,53
2010,67,0,23135,Tim Clark,143,123,20
2010,68,0,25892,Steve Wheatcroft,148,129,19
2010,69,0,22046,Geoff Ogilvy,149,50,99
2010,70,0,12714,Chris Tidland,150,89,61
2010,71,0,24357,K.J. Choi,155,119,36
2010,71,0,32102,Rickie Fowler,155,43,112
2010,71,0,29221,Webb Simpson,155,94,61
2010,74,0,23322,Brett Wetterich,156,118,38
2010,75,0,1797,Rocco Mediate,159,74,85
2010,76,0,27613,David Lutterus,163,89,74
2010,76,0,28158,Steve Marino,163,27,136
2010,78,0,6522,Ernie Els,164,103,61
2010,78,0,1810,Phil Mickelson,164,7,157
2010,80,0,27466,Spencer Levin,165,96,69
2010,80,0,10425,Jay Williamson,165,136,29
2010,82,0,1706,Davis Love III,167,40,127
2010,83,0,26289,Boo Weekley,171,110,61
2010,84,0,26392,Chris Wilson,172,48,124
2010,85,0,20472,Alex Cejka,173,63,110
2010,86,0,7363,Craig Bowden,175,107,68
2010,87,0,24507,Jason Bohn,176,71,105
2010,88,0,28780,Nicholas Thompson,177,55,122
2010,89,0,24227,Justin Bolli,179,91,88
2010,90,0,28475,Jeff Overton,181,71,110
2010,90,0,25190,Jeff Quinney,181,150,31
2010,92,0,6643,Paul Goydos,184,142,42
2010,93,0,22946,Henrik Bjornstad,190,114,76
2010,93,0,24925,Jonathan Byrd,190,68,122
2010,93,0,27770,Camilo Villegas,190,114,76
2010,96,0,20663,Brenden Pappas,191,79,112
2010,97,0,22405,Justin Rose,192,91,101
2010,98,0,20574,Mathew Goggin,193,76,117
2010,99,0,20157,Retief Goosen,195,100,95
2010,99,0,6514,Kevin Johnson,195,100,95
2010,101,0,30946,Alex Prugh,196,82,114
2010,102,0,25900,Lucas Glover,197,147,50
2010,102,0,26679,Kevin Stadler,197,64,133
2010,104,0,23108,Matt Kuchar,200,131,69
2010,105,0,29910,Blake Adams,203,110,93
2010,106,0,28500,Martin Flores,204,103,101
2010,107,0,24490,George McNeill,207,80,127
2010,108,0,10809,Jim Furyk,208,149,59
2010,109,0,1707,Steve Lowery,209,100,109
2010,110,0,26851,Marc Leishman,210,76,134
2010,111,0,25686,Jason Dufner,211,142,69
2010,111,0,1577,Lee Janzen,211,107,104
2010,113,0,27436,Graham DeLaet,212,64,148
2010,114,0,7749,Brett Quigley,213,50,163
2010,115,0,8385,Omar Uresti,214,119,95
2010,115,0,20436,Garrett Willis,214,114,100
2010,117,0,22621,Ben Curtis,216,86,130
2010,118,0,19846,Brian Gay,219,150,69
2010,119,0,23638,Brendon de Jonge,228,113,115
2010,119,0,24358,Robert Garrigus,228,82,146
2010,119,0,27302,Garth Mulroy,228,62,166
2010,122,0,12652,Cameron Beckman,231,128,103
2010,123,0,20127,Chris Riley,233,172,61
2010,124,0,26695,Michael Letzig,234,114,120
2010,125,0,24138,Ian Poulter,236,93,143
2010,126,0,23349,Charles Warren,237,59,178
2010,127,0,33419,Cameron Tringale,238,119,119
2010,128,0,24140,Sean O'Hair,242,96,146
2010,129,0,2239,Scott Verplank,244,171,73
2010,130,0,27095,Nick Watney,245,140,105
2010,131,0,10860,Justin Leonard,247,155,92
2010,132,0,32640,Troy Merritt,250,107,143
2010,132,0,25804,Bubba Watson,250,133,117
2010,134,0,1941,Tom Pernice Jr.,251,124,127
2010,135,0,9011,David Duval,253,112,141
2010,136,0,1619,Skip Kendall,255,131,124
2010,137,0,20850,Daniel Chopra,257,94,163
2010,138,0,21350,Ryuji Imada,258,124,134
2010,139,0,12510,Chad Campbell,260,136,124
2010,139,0,1948,Tim Petrovic,260,145,115
2010,141,0,1313,Steve Elkington,261,140,121
2010,142,0,22122,Andrew McLardy,265,74,191
2010,143,0,25240,D.A. Points,269,130,139
2010,144,0,6004,Stephen Ames,270,182,88
2010,145,0,22371,Aaron Baddeley,273,84,189
2010,146,0,6515,Shaun Micheel,276,183,93
2010,147,0,1329,Brad Faxon,277,187,90
2010,148,0,20691,Greg Owen,278,136,142
2010,149,0,26300,Matt Jones,282,103,179
2010,150,0,1320,Bob Estes,291,186,105
2010,151,0,20098,Stuart Appleby,293,134,159
2010,152,0,12602,Dean Wilson,294,164,130
2010,153,0,23800,Bryce Molder,295,159,136
2010,154,0,12716,Charley Hoffman,296,126,170
2010,155,0,21209,Sergio Garcia,299,119,180
2010,156,0,28307,Matt Every,302,136,166
2010,157,0,20070,Matt Bettencourt,304,165,139
2010,158,0,29285,Brent Delahoussaye,305,169,136
2010,159,0,10585,Scott McCarron,310,134,176
2010,160,0,23983,Luke Donald,312,147,165
2010,160,0,21731,Freddie Jacobson,312,180,132
2010,160,0,24361,Pat Perez,312,150,162
2010,163,0,1116,Michael Bradley,315,159,156
2010,163,0,27214,Kevin Streelman,315,158,157
2010,163,0,26951,Johnson Wagner,315,167,148
2010,166,0,20498,Briny Baird,318,165,153
2010,166,0,20160,Charlie Wi,318,159,159
2010,168,0,21961,Charles Howell III,322,179,143
2010,169,0,20593,Greg Chalmers,323,172,151
2010,169,0,7457,Steve Flesch,323,168,155
2010,171,0,26301,James Nitties,324,176,148
2010,172,0,26882,Michael Sim,325,150,175
2010,173,0,7867,Woody Austin,326,154,172
2010,173,0,23353,J.J. Henry,326,156,170
2010,175,0,24924,Bill Haas,329,156,173
2010,176,0,25632,Jimmy Walker,330,142,188
2010,177,0,12755,Vance Veazey,331,177,154
2010,178,0,25720,Chad Collins,335,174,161
2010,178,0,24502,Adam Scott,335,145,190
2010,180,0,20572,Rod Pampling,338,170,168
2010,181,0,8725,Tom Gillis,340,188,152
2010,182,0,20686,Jeev Milkha Singh,342,174,168
2010,183,0,26420,Richard Johnson,344,163,181
2010,183,0,20645,John Senden,344,159,185
2010,185,0,23718,Nathan Green,357,184,173
2010,186,0,23409,James Driscoll,361,178,183
2010,187,0,6621,Joe Durant,366,184,182
2010,188,0,25396,Kevin Na,368,191,177
2010,189,0,11123,Chris Couch,373,181,192
2010,190,0,10423,Mike Weir,374,190,184
2010,191,0,24846,Ricky Barnes,375,188,187
2010,192,0,22378,Trevor Immelman,377,192,185
2019,1,0,26758,David Hearn,6,3,3
2019,2,0,46523,Joey Garber,9,2,7
2019,3,0,35732,Wes Roach,13,7,6
2019,4,0,19846,Brian Gay,15,6,9
2019,4,0,35461,Beau Hossler,15,13,2
2019,6,0,49960,Sepp Straka,16,4,12
2019,7,0,39954,Cody Gribble,21,5,16
2019,7,0,35449,Adam Long,21,12,9
2019,9,0,29268,Bronson Burgoon,24,19,5
2019,10,0,28089,Jason Day,25,9,16
2019,11,0,25493,Nick Taylor,26,18,8
2019,12,0,33141,Keegan Bradley,27,1,26
2019,13,0,34021,Bud Cauley,34,20,14
2019,14,0,47128,Richy Werenski,38,22,16
2019,15,0,27958,Ryan Blaum,46,26,20
2019,15,0,31560,Brian Stuard,46,42,4
2019,17,0,33948,Byeong Hun An,47,15,32
2019,18,0,29223,Sam Saunders,50,17,33
2019,19,0,32150,Michael Thompson,56,28,28
2019,20,0,29970,Dylan Frittelli,57,29,28
2019,21,0,28679,Fabián Gómez,58,46,12
2019,21,0,27644,Brian Harman,58,37,21
2019,23,0,27330,Josh Teater,62,20,42
2019,24,0,32102,Rickie Fowler,65,7,58
2019,25,0,22405,Justin Rose,66,14,52
2019,25,0,32139,Danny Willett,66,10,56
2019,27,0,46435,Austin Cook,70,48,22
2019,28,0,37189,Harold Varner III,74,24,50
2019,29,0,34563,Chesson Hadley,76,29,47
2019,30,0,23325,Vaughn Taylor,77,33,44
2019,31,0,30786,Brady Schnell,78,64,14
2019,32,0,24781,Hunter Mahan,81,33,48
2019,33,0,33410,Andrew Landry,85,69,16
2019,33,0,37340,Chase Wright,85,41,44
2019,35,0,40009,Dominic Bozzelli,86,36,50
2019,35,0,35879,Kelly Kraft,86,62,24
2019,35,0,1810,Phil Mickelson,86,11,75
2019,38,0,32640,Troy Merritt,91,24,67
2019,39,0,30692,Scott Stallings,92,55,37
2019,40,0,6522,Ernie Els,96,69,27
2019,40,0,30925,Dustin Johnson,96,16,80
2019,42,0,20472,Alex Cejka,98,31,67
2019,43,0,23108,Matt Kuchar,99,62,37
2019,43,0,28775,Nate Lashley,99,74,25
2019,45,0,39975,Michael Kim,104,35,69
2019,45,0,27936,Martin Laird,104,64,40
2019,47,0,35376,Roberto Díaz,107,84,23
2019,48,0,27214,Kevin Streelman,108,45,63
2019,49,0,26951,Johnson Wagner,109,108,1
2019,49,0,49964,Aaron Wise,109,69,40
2019,51,0,25632,Jimmy Walker,110,74,36
2019,52,0,47993,Denny McCarthy,112,55,57
2019,52,0,39327,Ben Silverman,112,84,28
2019,54,0,29518,Brendan Steele,115,43,72
2019,55,0,27895,Jonas Blixt,116,64,52
2019,56,0,29926,Danny Lee,118,49,69
2019,57,0,35617,Martin Trainer,119,44,75
2019,58,0,39324,J.J. Spaun,121,27,94
2019,59,0,23320,Ryan Palmer,122,79,43
2019,60,0,28259,Sangmoon Bae,129,57,72
2019,61,0,45157,Cam Davis,130,23,107
2019,62,0,32058,José de Jesús Rodríguez,131,120,11
2019,63,0,49766,Hank Lebioda,132,49,83
2019,63,0,33667,Carlos Ortiz,132,69,63
2019,65,0,23353,J.J. Henry,134,101,33
2019,65,0,29221,Webb Simpson,134,69,65
2019,67,0,30946,Alex Prugh,137,39,98
2019,68,0,39997,Corey Conners,138,78,60
2019,68,0,46601,Trey Mullinax,138,37,101
2019,70,0,32839,Hideki Matsuyama,139,49,90
2019,71,0,29535,Brice Garnett,141,89,52
2019,72,0,25686,Jason Dufner,142,83,59
2019,73,0,27974,Sung Kang,144,46,98
2019,74,0,30191,Julián Etulain,147,49,98
2019,75,0,28237,Rory McIlroy,150,31,119
2019,76,0,47504,Sam Burns,154,58,96
2019,76,0,25572,Graeme McDowell,154,39,115
2019,78,0,27963,Chris Stroud,155,86,69
2019,79,0,26476,Chez Reavie,156,96,60
2019,80,0,47990,Kyle Jones,157,109,48
2019,81,0,33486,Roger Sloan,158,49,109
2019,82,0,34076,Joel Dahmen,160,86,74
2019,83,0,35532,Tom Hoge,168,90,78
2019,83,0,24024,Zach Johnson,168,113,55
2019,85,0,33399,Adam Hadwin,171,64,107
2019,86,0,37380,Curtis Luck,173,90,83
2019,87,0,21961,Charles Howell III,175,131,44
2019,88,0,25198,Francesco Molinari,179,54,125
2019,89,0,35891,Cameron Smith,180,101,79
2019,90,0,36852,Jim Knous,183,79,104
2019,91,0,35450,Patrick Cantlay,184,96,88
2019,92,0,34099,Harris English,185,74,111
2019,92,0,35421,Brandon Harkins,185,99,86
2019,94,0,12716,Charley Hoffman,187,60,127
2019,94,0,35506,Mackenzie Hughes,187,86,101
2019,94,0,31420,Anirban Lahiri,187,122,65
2019,97,0,34098,Russell Henley,189,161,28
2019,98,0,24925,Jonathan Byrd,195,58,137
2019,98,0,27649,Brandt Snedeker,195,101,94
2019,100,0,39971,Sungjae Im,196,113,83
2019,101,0,49303,Anders Albertson,197,135,62
2019,102,0,19803,Ryan Armour,198,161,37
2019,103,0,29420,Billy Horschel,199,109,90
2019,104,0,51766,Wyndham Clark,201,74,127
2019,105,0,30110,Kyle Stanley,202,169,33
2019,106,0,36799,Stephan Jaeger,203,60,143
2019,107,0,27129,Luke List,209,79,130
2019,107,0,29908,C.T. Pan,209,116,93
2019,109,0,34466,Peter Malnati,210,95,115
2019,110,0,27095,Nick Watney,212,122,90
2019,111,0,37454,Whee Kim,213,96,117
2019,112,0,34306,John Chin,214,105,109
2019,113,0,32200,Roberto Castro,215,127,88
2019,113,0,24924,Bill Haas,215,93,122
2019,115,0,25818,Scott Piercy,219,118,101
2019,115,0,23621,Rory Sabbatini,219,144,75
2019,117,0,25900,Lucas Glover,221,141,80
2019,117,0,45486,Joaquin Niemann,221,139,82
2019,119,0,47959,Bryson DeChambeau,222,64,158
2019,120,0,49771,J.T. Poston,226,112,114
2019,121,0,49298,Kramer Hickok,230,113,117
2019,122,0,32757,Patton Kizzire,231,79,152
2019,123,0,26499,Rafa Cabrera Bello,232,101,131
2019,124,0,30944,Jason Kokrak,233,92,141
2019,125,0,39546,Keith Mitchell,237,111,126
2019,126,0,27556,Ted Potter Jr.,240,136,104
2019,127,0,29725,Tony Finau,244,105,139
2019,127,0,34363,Tyrrell Hatton,244,107,137
2019,127,0,27141,J.B. Holmes,244,100,144
2019,127,0,32816,Satoshi Kodaira,244,125,119
2019,131,0,32791,K.H. Lee,247,134,113
2019,132,0,40026,Daniel Berger,248,144,104
2019,133,0,29479,Scott Brown,251,129,122
2019,134,0,45609,Tyler Duncan,252,131,121
2019,135,0,30911,Tommy Fleetwood,257,93,164
2019,136,0,40115,Adam Svensson,260,149,111
2019,137,0,52372,Cameron Champ,265,131,134
2019,138,0,37455,Si Woo Kim,269,125,144
2019,138,0,24138,Ian Poulter,269,183,86
2019,140,0,34264,Hudson Swafford,270,120,150
2019,141,0,45526,Abraham Ancer,274,152,122
2019,142,0,26596,Ryan Moore,276,180,96
2019,143,0,34046,Jordan Spieth,277,117,160
2019,144,0,34431,Robert Streb,278,147,131
2019,145,0,31323,Gary Woodland,280,144,136
2019,146,0,39977,Max Homa,282,143,139
2019,147,0,46970,Jon Rahm,286,122,164
2019,148,0,30978,Kiradech Aphibarnrat,289,129,160
2019,149,0,46501,Ollie Schniederjans,291,119,172
2019,149,0,33448,Justin Thomas,291,138,153
2019,151,0,26300,Matt Jones,296,149,147
2019,152,0,26329,Louis Oosthuizen,297,128,169
2019,153,0,47856,Seth Reeves,303,174,129
2019,154,0,20572,Rod Pampling,304,171,133
2019,155,0,10809,Jim Furyk,306,165,141
2019,156,0,21209,Sergio Garcia,307,141,166
2019,156,0,31557,Jim Herman,307,163,144
2019,158,0,31646,Emiliano Grillo,311,155,156
2019,159,0,25364,Paul Casey,312,156,156
2019,160,0,29478,Kevin Kisner,313,154,159
2019,160,0,48081,Xander Schauffele,313,147,166
2019,160,0,27064,Jhonattan Vegas,313,179,134
2019,163,0,22371,Aaron Baddeley,314,160,154
2019,164,0,48822,Sebastián Muñoz,315,164,151
2019,164,0,33418,Shawn Stefani,315,167,148
2019,166,0,36689,Brooks Koepka,318,137,181
2019,167,0,36699,Patrick Rodgers,319,159,160
2019,168,0,25804,Bubba Watson,320,140,180
2019,169,0,32333,Kevin Tway,323,152,171
2019,170,0,37275,Sam Ryder,326,177,149
2019,171,0,33419,Cameron Tringale,329,156,173
2019,172,0,27349,Alex Noren,334,151,183
2019,173,0,24361,Pat Perez,335,158,177
2019,174,0,28252,Seamus Power,339,173,166
2019,175,0,34261,Scott Langley,340,185,155
2019,176,0,33122,Russell Knox,341,166,175
2019,177,0,21528,Henrik Stenson,342,169,173
2019,178,0,29974,Branden Grace,346,176,170
2019,178,0,21731,Freddie Jacobson,346,186,160
2019,180,0,26851,Marc Leishman,350,168,182
2019,181,0,40098,Matt Fitzpatrick,356,178,178
2019,181,0,46402,Talor Gooch,356,171,185
2019,183,0,34360,Patrick Reed,358,182,176
2019,184,0,29484,Peter Uihlein,359,175,184
2019,185,0,25396,Kevin Na,366,187,179
2019,186,0,47347,Adam Schenk,367,181,186
2019,187,0,24502,Adam Scott,371,184,187
2019,188,0,34256,Andrew Putnam,376,188,188
2021,1,0,35461,Beau Hossler,14,1,13
2021,2,0,46435,Austin Cook,15,7,8
2021,2,0,29221,Webb Simpson,15,4,11
2021,4,0,49960,Sepp Straka,19,14,5
2021,5,0,37189,Harold Varner III,21,10,11
2021,6,0,34174,John Huh,22,20,2
2021,7,0,27644,Brian Harman,28,22,6
2021,8,0,27974,Sung Kang,30,8,22
2021,9,0,34563,Chesson Hadley,31,12,19
2021,10,0,32139,Danny Willett,32,6,26
2021,11,0,33120,Mark Anderson,33,24,9
2021,12,0,33948,Byeong Hun An,39,2,37
2021,13,0,29268,Bronson Burgoon,41,14,27
2021,14,0,20229,Stewart Cink,43,16,27
2021,15,0,33410,Andrew Landry,46,39,7
2021,15,0,23623,Bo Van Pelt,46,29,17
2021,17,0,47993,Denny McCarthy,47,25,22
2021,18,0,34314,Sebastian Cappelen,53,22,31
2021,19,0,26329,Louis Oosthuizen,54,41,13
2021,19,0,35891,Cameron Smith,54,32,22
2021,21,0,24781,Hunter Mahan,59,32,27
2021,21,0,48887,Matt Wallace,59,13,46
2021,23,0,33141,Keegan Bradley,60,3,57
2021,24,0,30110,Kyle Stanley,63,42,21
2021,25,0,31420,Anirban Lahiri,64,27,37
2021,26,0,51766,Wyndham Clark,65,8,57
2021,27,0,34255,Joseph Bramlett,66,19,47
2021,27,0,29908,C.T. Pan,66,65,1
2021,29,0,47128,Richy Werenski,68,32,36
2021,30,0,24924,Bill Haas,69,35,34
2021,31,0,26758,David Hearn,70,35,35
2021,32,0,26476,Chez Reavie,72,69,3
2021,33,0,32150,Michael Thompson,73,55,18
2021,34,0,25632,Jimmy Walker,74,27,47
2021,35,0,30944,Jason Kokrak,78,10,68
2021,35,0,49771,J.T. Poston,78,46,32
2021,37,0,27330,Josh Teater,87,50,37
2021,38,0,39324,J.J. Spaun,89,44,45
2021,39,0,27214,Kevin Streelman,95,51,44
2021,40,0,29535,Brice Garnett,99,80,19
2021,40,0,32448,James Hahn,99,21,78
2021,42,0,28775,Nate Lashley,101,69,32
2021,43,0,32816,Satoshi Kodaira,102,60,42
2021,43,0,28237,Rory McIlroy,102,5,97
2021,45,0,35449,Adam Long,103,29,74
2021,46,0,24140,Sean O'Hair,105,55,50
2021,47,0,45609,Tyler Duncan,106,90,16
2021,48,0,33399,Adam Hadwin,107,39,68
2021,49,0,46717,Viktor Hovland,110,60,50
2021,49,0,35506,Mackenzie Hughes,110,42,68
2021,49,0,32757,Patton Kizzire,110,44,66
2021,52,0,34098,Russell Henley,111,74,37
2021,53,0,30911,Tommy Fleetwood,112,31,81
2021,54,0,25493,Nick Taylor,114,51,63
2021,55,0,25818,Scott Piercy,116,106,10
2021,56,0,32791,K.H. Lee,118,65,53
2021,56,0,31560,Brian Stuard,118,103,15
2021,58,0,19803,Ryan Armour,119,115,4
2021,58,0,23108,Matt Kuchar,119,77,42
2021,60,0,1810,Phil Mickelson,121,16,105
2021,61,0,49766,Hank Lebioda,124,65,59
2021,62,0,28679,Fabián Gómez,127,105,22
2021,63,0,22405,Justin Rose,128,69,59
2021,64,0,30925,Dustin Johnson,130,35,95
2021,65,0,45157,Cam Davis,131,26,105
2021,65,0,31646,Emiliano Grillo,131,55,76
2021,67,0,33404,Chris Baker,132,76,56
2021,68,0,32102,Rickie Fowler,135,18,117
2021,69,0,34076,Joel Dahmen,137,84,53
2021,70,0,32640,Troy Merritt,138,35,103
2021,71,0,29926,Danny Lee,139,46,93
2021,72,0,33448,Justin Thomas,142,81,61
2021,73,0,30926,Chris Kirk,143,65,78
2021,74,0,45526,Abraham Ancer,145,118,27
2021,74,0,12716,Charley Hoffman,145,55,90
2021,76,0,28089,Jason Day,147,54,93
2021,77,0,39953,Chase Seiffert,149,81,68
2021,78,0,39975,Michael Kim,151,46,105
2021,79,0,23325,Vaughn Taylor,153,106,47
2021,80,0,24024,Zach Johnson,155,94,61
2021,81,0,46441,Robby Shelton,156,90,66
2021,82,0,22056,Cameron Percy,157,69,88
2021,82,0,23621,Rory Sabbatini,157,69,88
2021,84,0,46970,Jon Rahm,158,77,81
2021,85,0,35230,Nelson Ledesma,164,59,105
2021,85,0,33667,Carlos Ortiz,164,90,74
2021,87,0,35450,Patrick Cantlay,165,97,68
2021,87,0,30692,Scott Stallings,165,60,105
2021,89,0,30927,Brendon Todd,167,117,50
2021,90,0,52375,Doug Ghim,172,86,86
2021,91,0,49964,Aaron Wise,173,88,85
2021,92,0,34046,Jordan Spieth,175,102,73
2021,93,0,33486,Roger Sloan,176,46,130
2021,94,0,34466,Peter Malnati,178,81,97
2021,95,0,34363,Tyrrell Hatton,179,98,81
2021,95,0,24138,Ian Poulter,179,126,53
2021,97,0,32839,Hideki Matsuyama,180,79,101
2021,98,0,33204,Shane Lowry,186,95,91
2021,98,0,23320,Ryan Palmer,186,74,112
2021,100,0,47483,Will Zalatoris,190,63,127
2021,101,0,29970,Dylan Frittelli,191,86,105
2021,102,0,27942,Rob Oppenheim,192,155,37
2021,103,0,28420,Ryan Brehm,193,51,142
2021,103,0,26499,Rafa Cabrera Bello,193,96,97
2021,105,0,50525,Collin Morikawa,202,84,118
2021,106,0,32070,Rafael Campos,203,88,115
2021,106,0,24357,K.J. Choi,203,138,65
2021,108,0,19846,Brian Gay,204,103,101
2021,109,0,25364,Paul Casey,209,123,86
2021,110,0,48119,Ben Taylor,213,110,103
2021,111,0,47504,Sam Burns,216,63,153
2021,112,0,33122,Russell Knox,219,156,63
2021,113,0,29478,Kevin Kisner,220,98,122
2021,114,0,27936,Martin Laird,223,100,123
2021,115,0,34099,Harris English,224,143,81
2021,115,0,27770,Camilo Villegas,224,146,78
2021,117,0,23983,Luke Donald,231,112,119
2021,117,0,39971,Sungjae Im,231,108,123
2021,119,0,26851,Marc Leishman,233,110,123
2021,119,0,23788,D.J. Trahan,233,142,91
2021,121,0,40006,Erik van Rooyen,234,129,105
2021,122,0,25900,Lucas Glover,241,165,76
2021,123,0,35104,Tom Lewis,242,119,123
2021,123,0,46046,Scottie Scheffler,242,123,119
2021,125,0,21209,Sergio Garcia,245,100,145
2021,126,0,35532,Tom Hoge,247,115,132
2021,127,0,24502,Adam Scott,249,119,130
2021,128,0,27141,J.B. Holmes,252,90,162
2021,129,0,25686,Jason Dufner,256,159,97
2021,130,0,34213,Grayson Murray,257,143,114
2021,131,0,29725,Tony Finau,258,109,149
2021,132,0,36871,Matthew NeSmith,259,125,134
2021,133,0,36699,Patrick Rodgers,261,121,140
2021,134,0,33490,Bo Hoag,262,166,96
2021,135,0,33597,Harry Higgs,263,121,142
2021,135,0,29420,Billy Horschel,263,136,127
2021,137,0,25804,Bubba Watson,264,128,136
2021,138,0,26300,Matt Jones,266,154,112
2021,139,0,29518,Brendan Steele,268,134,134
2021,140,0,48081,Xander Schauffele,271,139,132
2021,141,0,46402,Talor Gooch,272,112,160
2021,142,0,27649,Brandt Snedeker,275,133,142
2021,143,0,39977,Max Homa,276,129,147
2021,144,0,45486,Joaquin Niemann,279,160,119
2021,145,0,46442,Maverick McNealy,280,151,129
2021,146,0,27064,Jhonattan Vegas,281,126,155
2021,147,0,56278,Matthew Wolff,284,112,172
2021,148,0,22371,Aaron Baddeley,287,148,139
2021,149,0,35658,Kris Ventura,288,131,157
2021,150,0,30163,Henrik Norlander,289,151,138
2021,151,0,37455,Si Woo Kim,295,179,116
2021,152,0,40042,Tyler McCumber,300,143,157
2021,153,0,32618,Rhein Gibson,303,147,156
2021,154,0,36689,Brooks Koepka,304,134,170
2021,154,0,39546,Keith Mitchell,304,131,173
2021,156,0,40098,Matt Fitzpatrick,308,172,136
2021,156,0,49298,Kramer Hickok,308,167,141
2021,158,0,39997,Corey Conners,314,169,145
2021,158,0,53165,Doc Redman,314,151,163
2021,160,0,27554,Scott Harrington,316,148,168
2021,161,0,29479,Scott Brown,322,158,164
2021,162,0,20396,Lee Westwood,323,172,151
2021,162,0,32254,Xinjun Zhang,323,139,184
2021,164,0,52372,Cameron Champ,328,136,192
2021,164,0,56762,Will Gordon,328,148,180
2021,166,0,35617,Martin Trainer,330,139,191
2021,167,0,25396,Kevin Na,332,185,147
2021,168,0,51894,Vince Whaley,333,179,154
2021,169,0,48045,Michael Gellerman,334,177,157
2021,169,0,35310,Lanto Griffin,334,183,151
2021,169,0,32333,Kevin Tway,334,156,178
2021,172,0,37275,Sam Ryder,336,172,164
2021,173,0,21961,Charles Howell III,338,189,149
2021,173,0,33413,Ben Martin,338,169,169
2021,175,0,34256,Andrew Putnam,341,164,177
2021,176,0,31323,Gary Woodland,342,162,180
2021,177,0,34264,Hudson Swafford,346,167,179
2021,178,0,46550,Brandon Hagy,350,160,190
2021,179,0,33419,Cameron Tringale,351,177,174
2021,180,0,28252,Seamus Power,354,188,166
2021,181,0,31557,Jim Herman,355,195,160
2021,182,0,47959,Bryson DeChambeau,357,162,195
2021,183,0,27095,Nick Watney,358,176,182
2021,184,0,29974,Branden Grace,360,194,166
2021,184,0,27349,Alex Noren,360,171,189
2021,186,0,34360,Patrick Reed,361,179,182
2021,187,0,27556,Ted Potter Jr.,363,187,176
2021,188,0,32662,Michael Gligic,365,172,193
2021,189,0,40026,Daniel Berger,366,196,170
2021,189,0,36801,Mark Hubbard,366,192,174
2021,191,0,26331,Charl Schwartzel,368,182,186
2021,192,0,27129,Luke List,369,183,186
2021,192,0,34431,Robert Streb,369,185,184
2021,194,0,48822,Sebastián Muñoz,376,190,186
2021,195,0,47347,Adam Schenk,385,191,194
2021,196,0,24361,Pat Perez,388,192,196
2020,1,0,25493,Nick Taylor,6,4,2
2020,2,0,49960,Sepp Straka,11,7,4
2020,3,0,32139,Danny Willett,15,3,12
2020,4,2,29221,Webb Simpson,17,11,6
2020,5,-1,33449,Zack Sucher,18,8,10
2020,6,-1,39324,J.J. Spaun,20,6,14
2020,7,0,30925,Dustin Johnson,27,13,14
2020,8,1,35891,Cameron Smith,28,26,2
2020,9,-1,35461,Beau Hossler,31,12,19
2020,10,0,33410,Andrew Landry,32,27,5
2020,10,0,28237,Rory McIlroy,32,2,30
2020,12,0,29268,Bronson Burgoon,37,9,28
2020,13,0,46435,Austin Cook,38,21,17
2020,13,1,37189,Harold Varner III,38,37,1
2020,15,-1,23623,Bo Van Pelt,39,22,17
2020,16,0,30911,Tommy Fleetwood,43,1,42
2020,17,1,35449,Adam Long,48,9,39
2020,18,-1,33948,Byeong Hun An,50,15,35
2020,19,0,32448,James Hahn,52,14,38
2020,20,0,26329,Louis Oosthuizen,53,39,14
2020,21,3,33141,Keegan Bradley,57,4,53
2020,21,1,35450,Patrick Cantlay,57,48,9
2020,21,0,34563,Chesson Hadley,57,33,24
2020,24,-2,27974,Sung Kang,58,38,20
2020,25,1,30944,Jason Kokrak,64,16,48
2020,26,1,26758,David Hearn,68,48,20
2020,26,2,28775,Nate Lashley,68,60,8
2020,28,0,47128,Richy Werenski,69,45,24
2020,29,1,26476,Chez Reavie,70,57,13
2020,30,1,28307,Matt Every,72,16,56
2020,31,1,33399,Adam Hadwin,74,29,45
2020,32,0,28679,Fabián Gómez,76,66,10
2020,32,2,34046,Jordan Spieth,76,34,42
2020,34,1,52375,Doug Ghim,77,32,45
2020,35,1,33120,Mark Anderson,82,45,37
2020,36,1,49964,Aaron Wise,83,22,61
2020,37,2,48887,Matt Wallace,84,20,64
2020,38,8,46717,Viktor Hovland,91,31,60
2020,38,2,46441,Robby Shelton,91,59,32
2020,40,3,27649,Brandt Snedeker,92,48,44
2020,41,4,23108,Matt Kuchar,93,52,41
2020,41,0,25349,Tim Wilkinson,93,66,27
2020,43,-1,26499,Rafa Cabrera Bello,94,66,28
2020,44,-1,27644,Brian Harman,95,71,24
2020,45,2,27330,Josh Teater,97,22,75
2020,46,-8,32839,Hideki Matsuyama,99,43,56
2020,47,1,34098,Russell Henley,102,82,20
2020,47,4,23320,Ryan Palmer,102,53,49
2020,47,1,46970,Jon Rahm,102,27,75
2020,50,-2,25364,Paul Casey,103,71,32
2020,50,2,29926,Danny Lee,103,29,74
2020,52,3,32640,Troy Merritt,108,41,67
2020,53,3,29970,Dylan Frittelli,113,41,72
2020,54,2,32102,Rickie Fowler,115,19,96
2020,54,0,50525,Collin Morikawa,115,45,70
2020,56,2,56278,Matthew Wolff,117,34,83
2020,57,7,47959,Bryson DeChambeau,124,22,102
2020,58,2,25818,Scott Piercy,126,96,30
2020,59,3,35230,Nelson Ledesma,127,34,93
2020,60,1,45157,Cam Davis,128,18,110
2020,60,3,31420,Anirban Lahiri,128,77,51
2020,62,2,31560,Brian Stuard,129,106,23
2020,63,3,29535,Brice Garnett,130,77,53
2020,64,3,33448,Justin Thomas,131,56,75
2020,65,-6,34363,Tyrrell Hatton,133,58,75
2020,66,2,27936,Martin Laird,144,77,67
2020,67,1,19846,Brian Gay,146,85,61
2020,68,0,32791,K.H. Lee,147,88,59
2020,69,3,29908,C.T. Pan,151,98,53
2020,70,3,34076,Joel Dahmen,154,103,51
2020,71,3,49766,Hank Lebioda,155,74,81
2020,72,3,23325,Vaughn Taylor,162,66,96
2020,73,8,31646,Emiliano Grillo,164,81,83
2020,73,3,24502,Adam Scott,164,132,32
2020,75,2,47504,Sam Burns,165,64,101
2020,75,2,10809,Jim Furyk,165,159,6
2020,77,4,34021,Bud Cauley,166,99,67
2020,77,2,45609,Tyler Duncan,166,103,63
2020,77,2,25632,Jimmy Walker,166,44,122
2020,80,4,34099,Harris English,167,84,83
2020,81,-10,29420,Billy Horschel,168,85,83
2020,82,1,22056,Cameron Percy,169,99,70
2020,83,2,34255,Joseph Bramlett,173,60,113
2020,84,2,22405,Justin Rose,175,53,122
2020,85,2,33486,Roger Sloan,176,40,136
2020,86,3,23621,Rory Sabbatini,177,96,81
2020,87,2,49771,J.T. Poston,178,74,104
2020,87,5,32150,Michael Thompson,178,66,112
2020,87,0,35617,Martin Trainer,178,51,127
2020,90,2,24024,Zach Johnson,179,90,89
2020,91,-2,45526,Abraham Ancer,181,132,49
2020,92,5,21407,Arjun Atwal,182,99,83
2020,92,4,27963,Chris Stroud,182,64,118
2020,94,-2,35506,Mackenzie Hughes,185,60,125
2020,94,4,32757,Patton Kizzire,185,53,132
2020,96,4,19803,Ryan Armour,188,153,35
2020,96,-1,30927,Brendon Todd,188,143,45
2020,96,5,23788,D.J. Trahan,188,113,75
2020,99,3,30110,Kyle Stanley,193,137,56
2020,100,3,39997,Corey Conners,194,105,89
2020,101,5,1810,Phil Mickelson,197,60,137
2020,102,5,39953,Chase Seiffert,198,109,89
2020,103,1,33204,Shane Lowry,199,93,106
2020,104,4,33490,Bo Hoag,202,130,72
2020,105,6,40058,Zac Blair,203,139,64
2020,105,3,27214,Kevin Streelman,203,77,126
2020,107,-3,48081,Xander Schauffele,204,111,93
2020,107,3,48119,Ben Taylor,204,74,130
2020,109,3,37455,Si Woo Kim,205,139,66
2020,110,3,21961,Charles Howell III,207,109,98
2020,111,3,40042,Tyler McCumber,211,93,118
2020,112,2,34314,Sebastian Cappelen,212,85,127
2020,112,4,47993,Denny McCarthy,212,106,106
2020,114,3,33667,Carlos Ortiz,213,124,89
2020,114,6,46046,Scottie Scheffler,213,113,100
2020,116,2,12716,Charley Hoffman,215,122,93
2020,117,2,26596,Ryan Moore,221,182,39
2020,118,4,35732,Wes Roach,224,111,113
2020,119,2,24924,Bill Haas,225,71,154
2020,120,3,28089,Jason Day,227,90,137
2020,121,4,35532,Tom Hoge,229,116,113
2020,121,3,36871,Matthew NeSmith,229,88,141
2020,123,3,33122,Russell Knox,231,125,106
2020,124,3,29518,Brendan Steele,232,90,142
2020,125,6,34431,Robert Streb,241,132,109
2020,126,5,34466,Peter Malnati,242,95,147
2020,126,7,34213,Grayson Murray,242,120,122
2020,128,7,29479,Scott Brown,247,127,120
2020,129,5,51766,Wyndham Clark,248,102,146
2020,129,6,49298,Kramer Hickok,248,135,113
2020,131,-1,29478,Kevin Kisner,249,128,121
2020,132,5,25686,Jason Dufner,250,147,103
2020,132,6,25900,Lucas Glover,250,162,88
2020,132,-3,39971,Sungjae Im,250,106,144
2020,135,4,40098,Matt Fitzpatrick,253,143,110
2020,135,5,36689,Brooks Koepka,253,82,171
2020,137,4,25572,Graeme McDowell,256,143,113
2020,138,3,26851,Marc Leishman,258,178,80
2020,139,4,27556,Ted Potter Jr.,260,116,144
2020,140,4,33404,Chris Baker,261,113,148
2020,141,4,32366,Kevin Chappell,262,120,142
2020,142,4,33597,Harry Higgs,266,116,150
2020,143,4,30163,Henrik Norlander,267,135,132
2020,144,4,53165,Doc Redman,276,125,151
2020,145,5,40026,Daniel Berger,278,174,104
2020,146,3,46442,Maverick McNealy,282,184,98
2020,147,4,33413,Ben Martin,284,155,129
2020,148,4,39977,Max Homa,288,123,165
2020,149,4,27095,Nick Watney,290,128,162
2020,150,3,26300,Matt Jones,291,142,149
2020,150,3,39546,Keith Mitchell,291,139,152
2020,152,4,28420,Ryan Brehm,298,116,182
2020,153,5,40009,Dominic Bozzelli,302,138,164
2020,153,4,36699,Patrick Rodgers,302,149,153
2020,155,4,35658,Kris Ventura,308,131,177
2020,156,6,30692,Scott Stallings,309,150,159
2020,157,3,22371,Aaron Baddeley,310,155,155
2020,158,2,24138,Ian Poulter,313,182,131
2020,159,4,35310,Lanto Griffin,317,185,132
2020,160,3,29974,Branden Grace,318,181,137
2020,161,5,48045,Michael Gellerman,319,154,165
2020,162,3,27554,Scott Harrington,321,146,175
2020,163,5,32618,Rhein Gibson,322,151,171
2020,163,8,28252,Seamus Power,322,187,135
2020,163,4,32254,Xinjun Zhang,322,167,155
2020,166,3,25804,Bubba Watson,323,165,158
2020,167,2,21209,Sergio Garcia,324,162,162
2020,168,4,27942,Rob Oppenheim,328,191,137
2020,169,11,29725,Tony Finau,332,159,173
2020,170,2,36801,Mark Hubbard,333,178,155
2020,171,8,46402,Talor Gooch,336,168,168
2020,171,6,24361,Pat Perez,336,148,188
2020,171,6,27064,Jhonattan Vegas,336,171,165
2020,171,4,51894,Vince Whaley,336,161,175
2020,171,5,31323,Gary Woodland,336,158,178
2020,176,-2,48822,Sebastián Muñoz,339,170,169
2020,177,3,20229,Stewart Cink,341,162,179
2020,178,5,56762,Will Gordon,342,155,187
2020,179,6,27349,Alex Noren,343,151,192
2020,180,4,25396,Kevin Na,345,172,173
2020,181,5,31557,Jim Herman,346,186,160
2020,182,6,45486,Joaquin Niemann,350,190,160
2020,182,4,33419,Cameron Tringale,350,165,185
2020,184,5,37275,Sam Ryder,352,168,184
2020,185,-3,52372,Cameron Champ,357,187,170
2020,186,4,32333,Kevin Tway,358,178,180
2020,187,4,27129,Luke List,359,173,186
2020,188,4,32662,Michael Gligic,365,175,190
2020,188,4,46550,Brandon Hagy,365,176,189
2020,190,4,29484,Peter Uihlein,368,177,191
2020,191,5,47347,Adam Schenk,370,187,183
2020,192,5,34360,Patrick Reed,372,192,180
2020,193,8,34256,Andrew Putnam,386,193,193
2018,1,0,39954,Cody Gribble,4,3,1
2018,2,0,35461,Beau Hossler,5,2,3
2018,3,0,29485,Brett Stegmaier,8,6,2
2018,4,0,25198,Francesco Molinari,9,1,8
2018,5,0,32102,Rickie Fowler,16,10,6
2018,6,0,34021,Bud Cauley,20,8,12
2018,6,0,47128,Richy Werenski,20,16,4
2018,8,0,29268,Bronson Burgoon,25,18,7
2018,9,0,32816,Satoshi Kodaira,27,22,5
2018,10,0,27895,Jonas Blixt,29,20,9
2018,10,0,46970,Jon Rahm,29,5,24
2018,12,0,1810,Phil Mickelson,32,4,28
2018,13,0,26758,David Hearn,42,22,20
2018,14,0,47993,Denny McCarthy,43,17,26
2018,14,0,37189,Harold Varner III,43,15,28
2018,16,0,28237,Rory McIlroy,46,8,38
2018,16,0,22405,Justin Rose,46,12,34
2018,18,0,35450,Patrick Cantlay,49,26,23
2018,18,0,35891,Cameron Smith,49,27,22
2018,18,0,25493,Nick Taylor,49,31,18
2018,21,0,29223,Sam Saunders,53,11,42
2018,22,0,22056,Cameron Percy,54,39,15
2018,23,0,24140,Sean O'Hair,55,22,33
2018,24,0,29926,Danny Lee,58,30,28
2018,25,0,19846,Brian Gay,62,52,10
2018,25,0,32150,Michael Thompson,62,42,20
2018,27,0,20157,Retief Goosen,65,12,53
2018,28,0,47959,Bryson DeChambeau,67,21,46
2018,28,0,32876,Martin Piller,67,39,28
2018,30,0,23325,Vaughn Taylor,68,57,11
2018,31,0,35545,Blayne Barber,70,27,43
2018,31,0,28089,Jason Day,70,7,63
2018,33,0,23108,Matt Kuchar,71,45,26
2018,34,0,29908,C.T. Pan,73,39,34
2018,35,0,29535,Brice Garnett,74,55,19
2018,36,0,34213,Grayson Murray,75,31,44
2018,37,0,27644,Brian Harman,78,64,14
2018,38,0,48081,Xander Schauffele,79,51,28
2018,39,0,50526,Tom Lovelady,80,12,68
2018,40,0,28307,Matt Every,83,34,49
2018,41,0,46435,Austin Cook,84,59,25
2018,42,0,27958,Ryan Blaum,85,33,52
2018,43,0,25686,Jason Dufner,87,74,13
2018,43,0,46601,Trey Mullinax,87,48,39
2018,45,0,35421,Brandon Harkins,91,44,47
2018,46,0,24358,Robert Garrigus,92,36,56
2018,47,0,29221,Webb Simpson,96,59,37
2018,48,0,33419,Cameron Tringale,101,19,82
2018,49,0,33399,Adam Hadwin,102,38,64
2018,49,0,34046,Jordan Spieth,102,66,36
2018,51,0,32839,Hideki Matsuyama,104,53,51
2018,52,0,29518,Brendan Steele,105,90,15
2018,53,0,34099,Harris English,108,64,44
2018,54,0,30944,Jason Kokrak,111,36,75
2018,55,0,34563,Chesson Hadley,113,43,70
2018,56,0,37454,Whee Kim,115,59,56
2018,57,0,24925,Jonathan Byrd,116,50,66
2018,58,0,33141,Keegan Bradley,117,35,82
2018,58,0,39997,Corey Conners,117,78,39
2018,60,0,30925,Dustin Johnson,120,45,75
2018,61,0,12510,Chad Campbell,122,107,15
2018,62,0,45526,Abraham Ancer,123,74,49
2018,63,0,31420,Anirban Lahiri,128,72,56
2018,64,0,26476,Chez Reavie,132,85,47
2018,65,0,33948,Byeong Hun An,133,27,106
2018,66,0,33448,Justin Thomas,136,82,54
2018,67,0,26851,Marc Leishman,139,59,80
2018,68,0,20472,Alex Cejka,140,48,92
2018,69,0,33410,Andrew Landry,144,80,64
2018,70,0,36799,Stephan Jaeger,149,57,92
2018,71,0,24024,Zach Johnson,150,89,61
2018,72,0,34076,Joel Dahmen,151,59,92
2018,73,0,31560,Brian Stuard,153,78,75
2018,74,0,25818,Scott Piercy,156,102,54
2018,75,0,27974,Sung Kang,157,22,135
2018,76,0,27936,Martin Laird,158,66,92
2018,77,0,23621,Rory Sabbatini,162,90,72
2018,78,0,32448,James Hahn,164,66,98
2018,78,0,23353,J.J. Henry,164,84,80
2018,80,0,29420,Billy Horschel,169,85,84
2018,81,0,39975,Michael Kim,171,81,90
2018,82,0,30692,Scott Stallings,173,85,88
2018,83,0,27649,Brandt Snedeker,174,108,66
2018,84,0,39327,Ben Silverman,175,100,75
2018,85,0,25572,Graeme McDowell,176,120,56
2018,86,0,30911,Tommy Fleetwood,179,71,108
2018,87,0,25240,D.A. Points,180,124,56
2018,88,0,34409,David Lingmerth,184,82,102
2018,88,0,49964,Aaron Wise,184,53,131
2018,90,0,35879,Kelly Kraft,185,72,113
2018,91,0,48084,Wesley Bryan,186,113,73
2018,92,0,27214,Kevin Streelman,187,97,90
2018,92,0,26951,Johnson Wagner,187,113,74
2018,94,0,25892,Steve Wheatcroft,191,123,68
2018,95,0,29725,Tony Finau,192,74,118
2018,95,0,33204,Shane Lowry,192,70,122
2018,95,0,22582,Kyle Thompson,192,151,41
2018,98,0,47125,Matt Atkins,194,66,128
2018,98,0,27129,Luke List,194,45,149
2018,100,0,22371,Aaron Baddeley,195,97,98
2018,101,0,28500,Martin Flores,204,118,86
2018,101,0,32254,Xinjun Zhang,204,108,96
2018,103,0,30110,Kyle Stanley,205,119,86
2018,104,0,49771,J.T. Poston,207,93,114
2018,104,0,28132,Tyrone Van Aswegen,207,93,114
2018,106,0,31202,William McGirt,209,108,101
2018,106,0,26596,Ryan Moore,209,148,61
2018,108,0,33418,Shawn Stefani,211,108,103
2018,109,0,26499,Rafa Cabrera Bello,212,137,75
2018,110,0,26329,Louis Oosthuizen,215,56,159
2018,111,0,32640,Troy Merritt,216,85,131
2018,112,0,34174,John Huh,218,120,98
2018,113,0,35532,Tom Hoge,220,106,114
2018,114,0,23320,Ryan Palmer,221,102,119
2018,115,0,36689,Brooks Koepka,222,95,127
2018,115,0,34466,Peter Malnati,222,116,106
2018,117,0,28775,Nate Lashley,223,127,96
2018,118,0,34363,Tyrrell Hatton,225,74,151
2018,119,0,28679,Fabián Gómez,227,157,70
2018,120,0,25632,Jimmy Walker,239,116,123
2018,121,0,32366,Kevin Chappell,240,92,148
2018,122,0,24924,Bill Haas,244,100,144
2018,122,0,12716,Charley Hoffman,244,102,142
2018,122,0,32757,Patton Kizzire,244,108,136
2018,125,0,27095,Nick Watney,247,102,145
2018,126,0,40058,Zac Blair,250,147,103
2018,127,0,24781,Hunter Mahan,253,95,158
2018,127,0,36699,Patrick Rodgers,253,97,156
2018,129,0,37278,Nicholas Lindheim,255,166,89
2018,130,0,35544,Andrew Yun,256,132,124
2018,131,0,33413,Ben Martin,257,154,103
2018,131,0,27963,Chris Stroud,257,126,131
2018,133,0,10809,Jim Furyk,258,174,84
2018,134,0,25364,Paul Casey,260,132,128
2018,134,0,37455,Si Woo Kim,260,139,121
2018,134,0,30926,Chris Kirk,260,141,119
2018,137,0,23541,Ben Crane,261,137,124
2018,138,0,40026,Daniel Berger,262,152,110
2018,139,0,26300,Matt Jones,268,144,124
2018,140,0,25900,Lucas Glover,270,139,131
2018,141,0,20593,Greg Chalmers,272,164,108
2018,142,0,40009,Dominic Bozzelli,273,120,153
2018,143,0,35376,Roberto Díaz,274,160,114
2018,144,0,34098,Russell Henley,275,163,112
2018,145,0,31416,Derek Fathauer,276,148,128
2018,146,0,29461,Jamie Lovemark,279,129,150
2018,147,0,46402,Talor Gooch,281,145,136
2018,148,0,25804,Bubba Watson,282,113,169
2018,149,0,29974,Branden Grace,283,143,140
2018,150,0,24138,Ian Poulter,285,175,110
2018,151,0,39324,J.J. Spaun,288,152,136
2018,152,0,8793,Tiger Woods,289,129,160
2018,153,0,34256,Andrew Putnam,290,154,136
2018,154,0,35506,Mackenzie Hughes,292,124,168
2018,155,0,29222,Billy Hurley III,293,142,151
2018,156,0,30978,Kiradech Aphibarnrat,294,134,160
2018,157,0,28252,Seamus Power,299,154,145
2018,158,0,31323,Gary Woodland,302,129,173
2018,159,0,29479,Scott Brown,303,158,145
2018,160,0,27141,J.B. Holmes,310,134,176
2018,161,0,27942,Rob Oppenheim,312,170,142
2018,162,0,31646,Emiliano Grillo,313,150,163
2018,162,0,21528,Henrik Stenson,313,127,186
2018,164,0,26331,Charl Schwartzel,314,134,180
2018,165,0,33122,Russell Knox,317,162,155
2018,166,0,34360,Patrick Reed,319,145,174
2018,167,0,45609,Tyler Duncan,322,182,140
2018,168,0,29478,Kevin Kisner,327,161,166
2018,168,0,25834,Daniel Summerhays,327,165,162
2018,168,0,34264,Hudson Swafford,327,158,169
2018,171,0,21961,Charles Howell III,331,175,156
2018,172,0,20229,Stewart Cink,335,168,167
2018,173,0,19803,Ryan Armour,337,184,153
2018,174,0,47287,Ethan Tracy,341,170,171
2018,175,0,27349,Alex Noren,348,166,182
2018,175,0,34358,Jonathan Randolph,348,183,165
2018,177,0,27556,Ted Potter Jr.,349,168,181
2018,177,0,47347,Adam Schenk,349,186,163
2018,179,0,25396,Kevin Na,356,179,177
2018,180,0,37275,Sam Ryder,360,188,172
2018,180,0,32333,Kevin Tway,360,178,182
2018,182,0,27064,Jhonattan Vegas,363,173,190
2018,183,0,24361,Pat Perez,364,172,192
2018,184,0,39546,Keith Mitchell,365,180,185
2018,184,0,34431,Robert Streb,365,187,178
2018,186,0,24502,Adam Scott,366,175,191
2018,187,0,24846,Ricky Barnes,367,193,174
2018,188,0,29484,Peter Uihlein,368,181,187
2018,189,0,20572,Rod Pampling,370,191,179
2018,190,0,37338,Zecheng Dou,373,185,188
2018,190,0,46501,Ollie Schniederjans,373,189,184
2018,192,0,35310,Lanto Griffin,379,190,189
2018,193,0,39328,Conrad Shindler,385,192,193
2011,1,0,22293,Heath Slocum,4,2,2
2011,2,0,21878,Mark Wilson,6,3,3
2011,3,0,24781,Hunter Mahan,9,4,5
2011,4,0,26758,David Hearn,18,12,6
2011,5,0,21753,Brian Davis,22,21,1
2011,6,0,30926,Chris Kirk,23,14,9
2011,7,0,26476,Chez Reavie,24,16,8
2011,7,0,23623,Bo Van Pelt,24,17,7
2011,9,0,28620,Aron Price,27,18,9
2011,10,0,29420,Billy Horschel,30,8,22
2011,11,0,27141,J.B. Holmes,33,1,32
2011,11,0,21949,Joe Ogilvie,33,21,12
2011,11,0,27649,Brandt Snedeker,33,15,18
2011,14,0,20472,Alex Cejka,34,18,16
2011,14,0,32102,Rickie Fowler,34,12,22
2011,16,0,27330,Josh Teater,42,5,37
2011,17,0,27936,Martin Laird,45,25,20
2011,18,0,28089,Jason Day,46,9,37
2011,19,0,23320,Ryan Palmer,48,6,42
2011,19,0,27770,Camilo Villegas,48,33,15
2011,21,0,27933,John Merrick,51,38,13
2011,22,0,21805,Harrison Frazar,55,25,30
2011,23,0,1810,Phil Mickelson,59,9,50
2011,24,0,20766,Padraig Harrington,61,7,54
2011,24,0,2206,David Toms,61,57,4
2011,26,0,8537,J.P. Hayes,67,43,24
2011,26,0,23325,Vaughn Taylor,67,34,33
2011,28,0,24290,D.J. Brigman,68,34,34
2011,29,0,24358,Robert Garrigus,71,41,30
2011,30,0,23548,Bill Lunde,72,31,41
2011,31,0,25345,Carl Pettersson,74,55,19
2011,32,0,21407,Arjun Atwal,76,49,27
2011,33,0,10885,Robert Allenby,77,52,25
2011,33,0,27974,Sung Kang,77,31,46
2011,35,0,30750,Tommy Gainey,78,25,53
2011,36,0,26679,Kevin Stadler,86,29,57
2011,37,0,28158,Steve Marino,87,25,62
2011,37,0,6527,Steve Stricker,87,60,27
2011,39,0,24507,Jason Bohn,89,78,11
2011,40,0,6567,Vijay Singh,91,20,71
2011,41,0,33141,Keegan Bradley,94,23,71
2011,42,0,10809,Jim Furyk,96,80,16
2011,43,0,31193,Jim Renner,97,48,49
2011,44,0,34255,Joseph Bramlett,99,49,50
2011,44,0,22913,John Rollins,99,38,61
2011,46,0,24024,Zach Johnson,102,75,27
2011,47,0,1797,Rocco Mediate,106,43,63
2011,47,0,26331,Charl Schwartzel,106,60,46
2011,49,0,28486,Michael Putnam,109,43,66
2011,50,0,23541,Ben Crane,111,54,57
2011,51,0,27939,Matt McQuillan,113,47,66
2011,52,0,6522,Ernie Els,117,37,80
2011,53,0,23497,Tag Ridings,119,29,90
2011,54,0,26851,Marc Leishman,122,38,84
2011,55,0,22046,Geoff Ogilvy,125,68,57
2011,56,0,12652,Cameron Beckman,126,89,37
2011,56,0,1313,Steve Elkington,126,101,25
2011,58,0,28475,Jeff Overton,128,84,44
2011,58,0,25240,D.A. Points,128,91,37
2011,60,0,27963,Chris Stroud,129,72,57
2011,61,0,10733,Kent Jones,131,77,54
2011,62,0,23614,Rich Beem,133,60,73
2011,62,0,19846,Brian Gay,133,119,14
2011,62,0,24924,Bill Haas,133,67,66
2011,62,0,20436,Garrett Willis,133,98,35
2011,66,0,29718,Anthony Kim,137,64,73
2011,66,0,22348,Nick O'Hern,137,95,42
2011,68,0,32366,Kevin Chappell,139,95,44
2011,69,0,9011,David Duval,144,68,76
2011,69,0,20127,Chris Riley,144,123,21
2011,71,0,12782,Tim Herron,145,72,73
2011,72,0,20229,Stewart Cink,147,60,87
2011,72,0,23621,Rory Sabbatini,147,81,66
2011,74,0,27120,Troy Matteson,149,59,90
2011,74,0,25818,Scott Piercy,149,11,138
2011,74,0,32876,Martin Piller,149,83,66
2011,77,0,29518,Brendan Steele,150,52,98
2011,78,0,30946,Alex Prugh,152,55,97
2011,79,0,12716,Charley Hoffman,153,36,117
2011,80,0,19970,Robert Karlsson,154,42,112
2011,81,0,20848,Ángel Cabrera,158,95,63
2011,82,0,1706,Davis Love III,159,24,135
2011,83,0,6643,Paul Goydos,160,114,46
2011,84,0,30925,Dustin Johnson,161,57,104
2011,85,0,33413,Ben Martin,162,68,94
2011,86,0,26287,Roland Thatcher,167,68,99
2011,87,0,27466,Spencer Levin,168,112,56
2011,88,0,20157,Retief Goosen,174,87,87
2011,89,0,24502,Adam Scott,176,89,87
2011,90,0,30110,Kyle Stanley,178,66,112
2011,91,0,32150,Michael Thompson,185,49,136
2011,92,0,30711,Colt Knost,187,107,80
2011,93,0,7867,Woody Austin,191,74,117
2011,94,0,29221,Webb Simpson,193,64,129
2011,95,0,1766,Billy Mayfair,195,75,120
2011,96,0,34072,Will Strickler,197,46,151
2011,97,0,25686,Jason Dufner,200,148,52
2011,97,0,24490,George McNeill,200,91,109
2011,99,0,23108,Matt Kuchar,203,119,84
2011,100,0,24138,Ian Poulter,205,93,112
2011,101,0,24357,K.J. Choi,206,105,101
2011,101,0,26596,Ryan Moore,206,130,76
2011,103,0,10505,Shane Bertsch,210,174,36
2011,103,0,24980,Scott Gutschewski,210,147,63
2011,105,0,25632,Jimmy Walker,213,114,99
2011,106,0,25444,Justin Hicks,214,110,104
2011,107,0,6251,Chris DiMarco,215,136,79
2011,108,0,6573,Brandt Jobe,217,105,112
2011,109,0,29910,Blake Adams,219,123,96
2011,109,0,1577,Lee Janzen,219,112,107
2011,109,0,25562,Andres Romero,219,93,126
2011,112,0,20498,Briny Baird,220,108,112
2011,113,0,31557,Jim Herman,221,138,83
2011,114,0,23788,D.J. Trahan,222,82,140
2011,114,0,27064,Jhonattan Vegas,222,84,138
2011,116,0,32640,Troy Merritt,223,101,122
2011,117,0,28087,Kris Blanks,225,141,84
2011,118,0,28679,Fabián Gómez,230,108,122
2011,118,0,25804,Bubba Watson,230,87,143
2011,120,0,26668,Marc Turnesa,231,103,128
2011,120,0,26951,Johnson Wagner,231,122,109
2011,122,0,7457,Steve Flesch,232,152,80
2011,123,0,25274,Steven Bowditch,233,84,149
2011,123,0,27797,Derek Lamely,233,78,155
2011,125,0,26881,Jarrod Lyle,234,117,117
2011,126,0,22621,Ben Curtis,237,144,93
2011,127,0,23353,J.J. Henry,238,130,108
2011,128,0,20070,Matt Bettencourt,239,138,101
2011,129,0,8075,Jerry Kelly,240,134,106
2011,129,0,22961,David Mathis,240,146,94
2011,131,0,20572,Rod Pampling,241,165,76
2011,132,0,12602,Dean Wilson,244,114,130
2011,133,0,10860,Justin Leonard,245,155,90
2011,134,0,25457,Alexandre Rocha,254,103,151
2011,135,0,29720,Andres Gonzales,257,125,132
2011,136,0,33419,Cameron Tringale,262,138,124
2011,137,0,24663,Y.E. Yang,264,119,145
2011,138,0,31323,Gary Woodland,268,136,132
2011,139,0,1948,Tim Petrovic,269,168,101
2011,140,0,24925,Jonathan Byrd,270,100,170
2011,140,0,12510,Chad Campbell,270,125,145
2011,140,0,22405,Justin Rose,270,130,140
2011,140,0,20160,Charlie Wi,270,134,136
2011,144,0,6004,Stephen Ames,274,142,132
2011,145,0,24604,Hunter Haas,276,152,124
2011,146,0,8375,Paul Stankowski,277,98,179
2011,147,0,29478,Kevin Kisner,278,125,153
2011,148,0,30692,Scott Stallings,280,117,163
2011,148,0,26289,Boo Weekley,280,171,109
2011,150,0,21350,Ryuji Imada,281,161,120
2011,151,0,25900,Lucas Glover,282,142,140
2011,152,0,23673,Michael Connell,285,155,130
2011,153,0,27095,Nick Watney,288,130,158
2011,154,0,23983,Luke Donald,292,111,181
2011,155,0,1116,Michael Bradley,296,169,127
2011,156,0,32698,Bobby Gates,297,128,169
2011,157,0,24361,Pat Perez,298,149,149
2011,158,0,26300,Matt Jones,304,157,147
2011,158,0,31202,William McGirt,304,161,143
2011,160,0,23800,Bryce Molder,305,158,147
2011,161,0,11123,Chris Couch,306,129,177
2011,162,0,20645,John Senden,308,149,159
2011,163,0,31401,Zack Miller,311,144,167
2011,164,0,20098,Stuart Appleby,317,161,156
2011,165,0,25572,Graeme McDowell,318,152,166
2011,166,0,24140,Sean O'Hair,322,151,171
2011,167,0,27214,Kevin Streelman,323,158,165
2011,168,0,25396,Kevin Na,324,160,164
2011,169,0,26420,Richard Johnson,326,167,159
2011,169,0,33911,Nate Smith,326,170,156
2011,171,0,6515,Shaun Micheel,332,179,153
2011,172,0,22371,Aaron Baddeley,335,161,174
2011,173,0,6621,Joe Durant,338,171,167
2011,173,0,25834,Daniel Summerhays,338,177,161
2011,175,0,10585,Scott McCarron,341,166,175
2011,176,0,21731,Freddie Jacobson,342,181,161
2011,177,0,21961,Charles Howell III,348,176,172
2011,178,0,20593,Greg Chalmers,352,174,178
2011,178,0,23638,Brendon de Jonge,352,177,175
2011,180,0,21209,Sergio Garcia,354,181,173
2011,181,0,35087,Bio Kim,355,173,182
2011,182,0,8725,Tom Gillis,364,184,180
2011,183,0,23409,James Driscoll,366,180,186
2011,183,0,22378,Trevor Immelman,366,183,183
2011,185,0,24846,Ricky Barnes,370,185,185
2011,185,0,23718,Nathan Green,370,186,184
2016,1,0,33410,Andrew Landry,3,1,2
2016,2,0,29485,Brett Stegmaier,6,2,4
2016,3,0,30692,Scott Stallings,10,3,7
2016,3,0,2206,David Toms,10,7,3
2016,5,0,24140,Sean O'Hair,13,4,9
2016,6,0,6522,Ernie Els,17,10,7
2016,7,0,20472,Alex Cejka,18,17,1
2016,8,0,35732,Wes Roach,22,10,12
2016,9,0,32876,Martin Piller,25,14,11
2016,10,0,35545,Blayne Barber,27,13,14
2016,11,0,23325,Vaughn Taylor,29,8,21
2016,12,0,25493,Nick Taylor,31,26,5
2016,13,0,34563,Chesson Hadley,38,4,34
2016,13,0,23320,Ryan Palmer,38,15,23
2016,13,0,25349,Tim Wilkinson,38,23,15
2016,16,0,33448,Justin Thomas,40,6,34
2016,17,0,27770,Camilo Villegas,44,24,20
2016,18,0,34046,Jordan Spieth,47,26,21
2016,19,0,27141,J.B. Holmes,49,12,37
2016,20,0,29926,Danny Lee,53,26,27
2016,21,0,27936,Martin Laird,54,15,39
2016,22,0,28089,Jason Day,56,22,34
2016,23,0,25240,D.A. Points,58,17,41
2016,24,0,24461,Thomas Aiken,60,55,5
2016,24,0,20157,Retief Goosen,60,8,52
2016,26,0,24912,Will MacKenzie,61,33,28
2016,26,0,23621,Rory Sabbatini,61,51,10
2016,28,0,26596,Ryan Moore,62,49,13
2016,29,0,27895,Jonas Blixt,66,38,28
2016,30,0,24024,Zach Johnson,71,41,30
2016,31,0,23108,Matt Kuchar,75,43,32
2016,31,0,31420,Anirban Lahiri,75,49,26
2016,33,0,20766,Padraig Harrington,77,31,46
2016,33,0,33461,Morgan Hoffmann,77,36,41
2016,33,0,28475,Jeff Overton,77,60,17
2016,36,0,23541,Ben Crane,78,59,19
2016,37,0,26758,David Hearn,79,31,48
2016,38,0,29223,Sam Saunders,80,55,25
2016,38,0,31560,Brian Stuard,80,62,18
2016,40,0,10885,Robert Allenby,82,43,39
2016,41,0,31416,Derek Fathauer,85,21,64
2016,42,0,28237,Rory McIlroy,87,40,47
2016,43,0,32839,Hideki Matsuyama,91,30,61
2016,44,0,1810,Phil Mickelson,92,54,38
2016,45,0,29478,Kevin Kisner,96,81,15
2016,45,0,33204,Shane Lowry,96,39,57
2016,47,0,33141,Keegan Bradley,97,17,80
2016,47,0,24357,K.J. Choi,97,67,30
2016,49,0,35879,Kelly Kraft,98,43,55
2016,50,0,23353,J.J. Henry,102,70,32
2016,51,0,32150,Michael Thompson,107,29,78
2016,52,0,24781,Hunter Mahan,109,33,76
2016,53,0,29268,Bronson Burgoon,110,20,90
2016,53,0,25804,Bubba Watson,110,43,67
2016,55,0,34099,Harris English,111,33,78
2016,56,0,35539,Luke Guthrie,112,41,71
2016,57,0,26476,Chez Reavie,113,72,41
2016,58,0,29745,Tyler Aldridge,114,51,63
2016,59,0,25818,Scott Piercy,116,43,73
2016,60,0,25632,Jimmy Walker,118,94,24
2016,61,0,30926,Chris Kirk,119,71,48
2016,62,0,34409,David Lingmerth,122,74,48
2016,63,0,26951,Johnson Wagner,127,79,48
2016,64,0,22405,Justin Rose,129,55,74
2016,65,0,22892,Jason Gore,131,64,67
2016,66,0,39975,Michael Kim,133,68,65
2016,67,0,37454,Whee Kim,139,87,52
2016,68,0,27644,Brian Harman,140,99,41
2016,69,0,27963,Chris Stroud,142,75,67
2016,70,0,34174,John Huh,145,87,58
2016,71,0,29479,Scott Brown,148,64,84
2016,72,0,33667,Carlos Ortiz,150,25,125
2016,72,0,36699,Patrick Rodgers,150,37,113
2016,74,0,40026,Daniel Berger,151,93,58
2016,75,0,6567,Vijay Singh,154,94,60
2016,76,0,30944,Jason Kokrak,165,68,97
2016,76,0,28158,Steve Marino,165,84,81
2016,78,0,27649,Brandt Snedeker,168,81,87
2016,79,0,27974,Sung Kang,170,85,85
2016,80,0,24507,Jason Bohn,171,106,65
2016,81,0,24494,Erik Compton,172,120,52
2016,82,0,35451,Scott Pinckney,173,85,88
2016,83,0,29420,Billy Horschel,180,51,129
2016,84,0,28092,D.H. Lee,183,91,92
2016,85,0,30925,Dustin Johnson,188,79,109
2016,85,0,34261,Scott Langley,188,102,86
2016,87,0,32448,James Hahn,189,64,125
2016,87,0,29289,S.Y. Noh,189,55,134
2016,87,0,29518,Brendan Steele,189,87,102
2016,90,0,20848,Ángel Cabrera,191,60,131
2016,90,0,32102,Rickie Fowler,191,76,115
2016,92,0,32640,Troy Merritt,193,117,76
2016,93,0,28132,Tyrone Van Aswegen,194,81,113
2016,94,0,26289,Boo Weekley,198,153,45
2016,95,0,23983,Luke Donald,199,90,109
2016,95,0,10213,Dicky Pride,199,144,55
2016,97,0,20104,Ken Duke,200,133,67
2016,97,0,34098,Russell Henley,200,104,96
2016,99,0,29461,Jamie Lovemark,201,43,158
2016,99,0,31202,William McGirt,201,107,94
2016,99,0,33419,Cameron Tringale,201,99,102
2016,102,0,24358,Robert Garrigus,202,62,140
2016,103,0,8075,Jerry Kelly,203,132,71
2016,103,0,29221,Webb Simpson,203,98,105
2016,105,0,24502,Adam Scott,204,109,95
2016,106,0,33418,Shawn Stefani,206,91,115
2016,107,0,32757,Patton Kizzire,207,78,129
2016,108,0,45526,Abraham Ancer,211,137,74
2016,109,0,21878,Mark Wilson,213,124,89
2016,110,0,20098,Stuart Appleby,214,94,120
2016,111,0,12716,Charley Hoffman,219,72,147
2016,112,0,37455,Si Woo Kim,222,121,101
2016,112,0,34466,Peter Malnati,222,117,105
2016,114,0,32618,Rhein Gibson,225,76,149
2016,115,0,31646,Emiliano Grillo,229,148,81
2016,115,0,30927,Brendon Todd,229,127,102
2016,117,0,21961,Charles Howell III,235,124,111
2016,117,0,30110,Kyle Stanley,235,111,124
2016,119,0,10809,Jim Furyk,236,175,61
2016,119,0,29476,Kyle Reifers,236,121,115
2016,121,0,25892,Steve Wheatcroft,240,148,92
2016,122,0,40058,Zac Blair,245,140,105
2016,122,0,12510,Chad Campbell,245,155,90
2016,122,0,29720,Andres Gonzales,245,107,138
2016,125,0,33122,Russell Knox,246,165,81
2016,125,0,26329,Louis Oosthuizen,246,135,111
2016,127,0,24924,Bill Haas,248,97,151
2016,128,0,30163,Henrik Norlander,250,128,122
2016,129,0,32200,Roberto Castro,251,126,125
2016,130,0,27747,Hiroshi Iwata,254,115,139
2016,131,0,27129,Luke List,256,102,154
2016,132,0,46440,Smylie Kaufman,260,99,161
2016,133,0,32366,Kevin Chappell,261,115,146
2016,133,0,23638,Brendon de Jonge,261,156,105
2016,135,0,33399,Adam Hadwin,262,112,150
2016,136,0,25900,Lucas Glover,263,141,122
2016,136,0,28679,Fabián Gómez,263,142,121
2016,138,0,29222,Billy Hurley III,265,121,144
2016,138,0,27214,Kevin Streelman,265,112,153
2016,140,0,22371,Aaron Baddeley,266,110,156
2016,141,0,25686,Jason Dufner,269,170,99
2016,141,0,27466,Spencer Levin,269,172,97
2016,143,0,30711,Colt Knost,271,172,99
2016,144,0,25720,Chad Collins,275,150,125
2016,145,0,25572,Graeme McDowell,276,158,118
2016,146,0,33413,Ben Martin,278,142,136
2016,146,0,37189,Harold Varner III,278,105,173
2016,148,0,26331,Charl Schwartzel,279,137,142
2016,149,0,35891,Cameron Smith,280,133,147
2016,150,0,26851,Marc Leishman,281,112,169
2016,151,0,23800,Bryce Molder,285,167,118
2016,151,0,25198,Francesco Molinari,285,152,133
2016,153,0,35532,Tom Hoge,288,146,142
2016,154,0,29725,Tony Finau,291,128,163
2016,155,0,27436,Graham DeLaet,294,128,166
2016,156,0,34265,Will Wilcox,295,161,134
2016,157,0,35300,Andrew Loupe,296,119,177
2016,158,0,20229,Stewart Cink,300,163,137
2016,159,0,36801,Mark Hubbard,301,136,165
2016,159,0,20691,Greg Owen,301,156,145
2016,159,0,28114,Dawie van der Walt,301,146,155
2016,162,0,22046,Geoff Ogilvy,302,144,158
2016,163,0,31557,Jim Herman,303,171,132
2016,164,0,34264,Hudson Swafford,306,137,169
2016,165,0,31323,Gary Woodland,307,131,176
2016,166,0,25834,Daniel Summerhays,309,169,140
2016,167,0,34262,Jon Curran,319,153,166
2016,168,0,34431,Robert Streb,321,159,162
2016,169,0,20572,Rod Pampling,323,172,151
2016,170,0,6527,Steve Stricker,325,161,164
2016,171,0,25364,Paul Casey,326,168,158
2016,172,0,27942,Rob Oppenheim,331,150,181
2016,173,0,36689,Brooks Koepka,339,164,175
2016,174,0,34360,Patrick Reed,340,166,174
2016,175,0,29974,Branden Grace,341,185,156
2016,176,0,26300,Matt Jones,342,159,183
2016,177,0,27064,Jhonattan Vegas,345,177,168
2016,178,0,25274,Steven Bowditch,346,175,171
2016,179,0,25396,Kevin Na,351,180,171
2016,180,0,21731,Freddie Jacobson,357,179,178
2016,181,0,37273,Derek Ernst,360,178,182
2016,181,0,20645,John Senden,360,181,179
2016,183,0,24490,George McNeill,361,181,180
2016,184,0,24846,Ricky Barnes,366,183,183
2016,185,0,21209,Sergio Garcia,369,184,185
