RANK,MOVEMENT,PLAYER_ID,PLAYER,VALUE,TOTAL DRV RANK,GIR RANK
1,0,27436,Graham DeLaet,4,1,3
1,0,21528,Henrik Stenson,4,3,1
3,0,22405,Justin Rose,13,4,9
3,0,26289,Boo Weekley,13,7,6
5,0,31557,Jim Herman,21,5,16
5,0,06527,Steve Stricker,21,19,2
7,0,24502,Adam Scott,25,14,11
8,0,26679,Kevin Stadler,26,18,8
9,0,25804,Bubba Watson,27,22,5
10,0,23788,D.J. Trahan,28,10,18
11,0,23638,Brendon de Jonge,33,23,10
11,0,29420,Billy Horschel,33,6,27
11,0,24781,Hunter Mahan,33,8,25
11,0,28780,Nicholas Thompson,33,13,20
15,0,27095,Nick Watney,39,26,13
16,0,08793,Tiger Woods,41,17,24
17,0,34046,Jordan Spieth,45,8,37
18,0,33141,Keegan Bradley,51,2,49
19,0,25444,Justin Hicks,60,48,12
20,0,30110,Kyle Stanley,61,29,32
21,0,27503,Steve LeBrun,64,36,28
21,0,26476,Chez Reavie,64,24,40
23,0,25686,Jason Dufner,65,39,26
24,0,30163,Henrik Norlander,66,35,31
25,0,27214,Kevin Streelman,70,16,54
26,0,23353,J.J. Henry,72,55,17
27,0,24024,Zach Johnson,73,58,15
28,0,25900,Lucas Glover,74,20,54
29,0,06573,Brandt Jobe,75,11,64
30,0,26300,Matt Jones,76,12,64
31,0,32200,Roberto Castro,77,44,33
32,0,21209,Sergio Garcia,79,50,29
32,0,24361,Pat Perez,79,61,18
32,0,31323,Gary Woodland,79,43,36
35,0,27330,Josh Teater,81,31,50
36,0,06567,Vijay Singh,82,75,7
37,0,34174,John Huh,83,38,45
38,0,32366,Kevin Chappell,87,27,60
38,0,23621,Rory Sabbatini,87,64,23
40,0,33419,Cameron Tringale,89,54,35
41,0,22913,John Rollins,91,61,30
42,0,24924,Bill Haas,95,74,21
43,0,10809,Jim Furyk,98,84,14
43,0,33869,Eric Meierdierks,98,50,48
45,0,26331,Charl Schwartzel,99,27,72
46,0,23320,Ryan Palmer,104,48,56
47,0,24846,Ricky Barnes,106,102,4
48,0,29740,Brad Fritsch,109,63,46
49,0,29518,Brendan Steele,111,45,66
49,0,34431,Robert Streb,111,29,82
51,0,29221,Webb Simpson,112,69,43
52,0,21878,Mark Wilson,113,57,56
53,0,23452,Nicolas Colsaerts,116,78,38
53,0,20396,Lee Westwood,116,25,91
55,0,24490,George McNeill,120,31,89
56,0,30925,Dustin Johnson,123,84,39
57,0,28237,Rory McIlroy,125,39,86
58,0,34099,Harris English,127,64,63
59,0,01724,Jeff Maggert,128,81,47
60,0,12510,Chad Campbell,134,100,34
61,0,24358,Robert Garrigus,135,77,58
61,0,12716,Charley Hoffman,135,50,85
63,0,35139,Richard Lee,136,84,52
63,0,23623,Bo Van Pelt,136,55,81
65,0,34098,Russell Henley,137,21,116
66,0,32334,Charlie Beljan,138,33,105
67,0,28089,Jason Day,141,45,96
68,0,22056,Cameron Percy,142,66,76
69,0,20691,Greg Owen,143,66,77
70,0,31560,Brian Stuard,144,69,75
71,0,28092,D.H. Lee,145,78,67
71,0,29425,Andrew Svoboda,145,75,70
73,0,26596,Ryan Moore,150,36,114
73,0,23325,Vaughn Taylor,150,15,135
75,0,27770,Camilo Villegas,151,111,40
76,0,30692,Scott Stallings,154,50,104
77,0,29479,Scott Brown,163,45,118
78,0,27936,Martin Laird,164,34,130
79,0,27556,Ted Potter Jr.,165,58,107
80,0,20645,John Senden,167,99,68
81,0,28455,Will Claxton,168,90,78
81,0,36884,Ben Kohles,168,78,90
83,0,30944,Jason Kokrak,170,90,80
84,0,24357,K.J. Choi,174,103,71
84,0,23497,Tag Ridings,174,100,74
86,0,20229,Stewart Cink,175,153,22
87,0,28679,Fabián Gómez,176,58,118
88,0,21961,Charles Howell III,177,135,42
88,0,08075,Jerry Kelly,177,90,87
90,0,01320,Bob Estes,178,81,97
90,0,28500,Martin Flores,178,94,84
92,0,25632,Jimmy Walker,179,118,61
93,0,22806,Doug LaBelle II,180,69,111
93,0,34409,David Lingmerth,180,42,138
95,0,27408,Martin Kaymer,187,88,99
96,0,33461,Morgan Hoffmann,190,87,103
97,0,37273,Derek Ernst,191,69,122
97,0,32448,James Hahn,191,90,101
97,0,30926,Chris Kirk,191,122,69
100,0,20098,Stuart Appleby,195,103,92
101,0,22378,Trevor Immelman,199,146,53
102,0,27933,John Merrick,205,155,50
102,0,27649,Brandt Snedeker,205,126,79
104,0,01810,Phil Mickelson,207,164,43
105,0,24663,Y.E. Yang,210,66,144
106,0,30852,Ryo Ishikawa,212,150,62
107,0,20848,Ángel Cabrera,213,118,95
108,0,08725,Tom Gillis,214,39,175
109,0,28475,Jeff Overton,219,121,98
110,0,24494,Erik Compton,221,128,93
111,0,28307,Matt Every,223,140,83
111,0,25834,Daniel Summerhays,223,115,108
113,0,27120,Troy Matteson,224,124,100
114,0,21753,Brian Davis,226,69,157
114,0,31202,William McGirt,226,138,88
116,0,01116,Michael Bradley,230,171,59
117,0,32102,Rickie Fowler,232,98,134
117,0,25572,Graeme McDowell,232,88,144
117,0,20572,Rod Pampling,232,126,106
120,0,29289,S.Y. Noh,233,118,115
121,0,24507,Jason Bohn,234,125,109
122,0,20104,Ken Duke,235,94,141
123,0,23108,Matt Kuchar,236,163,73
123,0,02206,David Toms,236,106,130
125,0,33418,Shawn Stefani,237,108,129
126,0,24140,Sean O'Hair,243,83,160
127,0,20443,Jin Park,245,108,137
128,0,27129,Luke List,246,97,149
128,0,10213,Dicky Pride,246,136,110
130,0,26851,Marc Leishman,250,156,94
131,0,23135,Tim Clark,253,94,159
132,0,26758,David Hearn,259,158,101
132,0,25240,D.A. Points,259,116,143
134,0,23800,Bryce Molder,261,133,128
134,0,25818,Scott Piercy,261,111,150
136,0,25345,Carl Pettersson,262,108,154
137,0,27644,Brian Harman,263,117,146
138,0,25274,Steven Bowditch,264,103,161
138,0,22295,Darron Stiles,264,111,153
140,0,24399,Scott Gardiner,267,150,117
140,0,19970,Robert Karlsson,267,128,139
140,0,34360,Patrick Reed,267,142,125
143,0,24138,Ian Poulter,268,132,136
144,0,34021,Bud Cauley,269,143,126
145,0,32698,Bobby Gates,270,128,142
146,0,22961,David Mathis,271,138,133
147,0,34261,Scott Langley,272,152,120
148,0,27963,Chris Stroud,274,161,113
149,0,22792,Peter Hanson,275,106,169
150,0,35539,Luke Guthrie,279,147,132
151,0,23541,Ben Crane,280,159,121
151,0,10860,Justin Leonard,280,140,140
153,0,20160,Charlie Wi,287,111,176
154,0,22046,Geoff Ogilvy,288,133,155
155,0,26951,Johnson Wagner,289,177,112
156,0,25562,Andres Romero,290,122,168
157,0,28259,Sangmoon Bae,292,165,127
158,0,23409,James Driscoll,294,170,124
159,0,30711,Colt Knost,295,131,164
160,0,22621,Ben Curtis,297,174,123
161,0,28135,Aaron Watkins,299,147,152
162,0,23983,Luke Donald,300,144,156
163,0,06522,Ernie Els,310,147,163
164,0,10885,Robert Allenby,315,167,148
165,0,30750,Tommy Gainey,316,144,172
165,0,19846,Brian Gay,316,136,180
167,0,25336,Alistair Presnell,319,168,151
168,0,21099,David Lynn,322,175,147
168,0,32150,Michael Thompson,322,160,162
170,0,20593,Greg Chalmers,323,156,167
171,0,20766,Padraig Harrington,328,154,174
172,0,21731,Freddie Jacobson,331,166,165
173,0,24227,Justin Bolli,332,162,170
174,0,26497,Casey Wittenberg,337,179,158
175,0,28310,Lee Williams,340,175,165
176,0,06004,Stephen Ames,342,172,170
177,0,27895,Jonas Blixt,346,173,173
178,0,22371,Aaron Baddeley,347,169,178
179,0,12782,Tim Herron,355,178,177
180,0,10423,Mike Weir,359,180,179