RANK,MOVEMENT,PLAYER_ID,PLAYER,TOTAL,DISTANCE RANK,ACCURACY RANK
1,0,01958,Dan Pohl,61,15,46
2,0,02146,Payne Stewart,64,25,39
3,0,01690,Bruce Lietzke,74,66,8
4,0,01725,John Mahaffey,78,68,10
5,0,01771,Blaine McCallister,83,51,32
5,0,01837,Gil Morgan,83,57,26
5,0,02170,Hal Sutton,83,76,7
8,0,01783,Mark McCumber,85,45,40
8,0,01926,Steve Pate,85,22,63
10,0,01418,Bill Glasson,92,8,84
11,0,01968,Nick Price,94,71,23
12,0,01444,Ken Green,96,48,48
13,0,01156,Curt Byrum,97,16,81
14,0,01060,Dave Barr,98,70,28
15,0,02133,Craig Stadler,100,10,90
16,0,01161,Mark Calcavecchia,101,14,87
16,0,02255,Denis Watson,101,63,38
18,0,01975,Tom Purtzer,102,34,68
18,0,02033,Dave Rummells,102,29,73
20,0,01876,Greg Norman,105,4,101
21,0,01042,Paul Azinger,107,29,78
22,0,02256,Tom Watson,113,28,85
23,0,01475,Donnie Hammond,116,46,70
24,0,01072,Chip Beck,117,87,30
25,0,01717,Sandy Lyle,118,46,72
26,0,02049,Gene Sauers,121,79,42
26,0,02159,Curtis Strange,121,107,14
28,0,01569,Peter Jacobsen,125,94,31
28,0,01736,Roger Maltbie,125,81,44
28,0,02101,Joey Sindelar,125,3,122
28,0,02241,Bobby Wadkins,125,49,76
32,0,01378,David Frost,127,123,4
33,0,02321,Fuzzy Zoeller,130,81,49
34,0,01984,Sam Randolph,131,19,112
34,0,02023,Clarence Rose,131,38,93
36,0,01823,Larry Mize,133,128,5
37,0,02190,Doug Tewell,134,117,17
38,0,02246,Duffy Waldorf,135,32,103
39,0,01723,Andrew Magee,137,35,102
40,0,01549,Mike Hulbert,138,58,80
41,0,02100,Tim Simpson,139,104,35
42,0,01682,Wayne Levi,141,129,12
42,0,01846,Jodie Mudd,141,13,128
44,0,01945,Kenny Perry,142,18,124
45,0,01864,Larry Nelson,143,125,18
46,0,01192,T.C. Chen,144,122,22
46,0,01777,John McComish,144,1,143
48,0,02104,Jeff Sluman,148,87,61
49,0,02167,Mike Sullivan,150,61,89
50,0,01203,Russ Cochran,152,23,129
50,0,01288,Ed Dougherty,152,54,98
52,0,01457,Jay Haas,153,134,19
53,0,01887,Mark O'Meara,154,111,43
54,0,01527,Scott Hoch,155,99,56
55,0,01884,Mac O'Grady,156,4,152
56,0,01068,Andy Bean,159,26,133
56,0,01093,Ronnie Black,159,63,96
56,0,01197,Bobby Clampett,159,71,88
59,0,02094,Tony Sills,162,126,36
59,0,02223,Bob Tway,162,71,91
61,0,02267,D.A. Weibring,163,148,15
62,0,01666,Bernhard Langer,166,111,55
62,0,01706,Davis Love III,166,2,164
64,0,01305,Danny Edwards,167,134,33
64,0,02067,Ted Schulz,167,27,140
66,0,01226,Fred Couples,169,6,163
66,0,01235,Ben Crenshaw,169,86,83
66,0,01633,Tom Kite,169,156,13
69,0,01559,Hale Irwin,170,154,16
69,0,02225,Howard Twitty,170,118,52
71,0,01797,Rocco Mediate,173,42,131
72,0,01755,Dick Mast,175,118,57
73,0,01157,Tom Byrum,176,156,20
73,0,01306,David Edwards,176,173,3
75,0,01436,David Graham,177,67,110
76,0,01135,Ken Brown,178,149,29
76,0,01960,Don Pooley,178,151,27
78,0,01096,Phil Blackmar,179,12,167
78,0,01468,Gary Hallberg,179,61,118
80,0,01098,Jay Don Blake,180,7,173
80,0,01390,Buddy Gardner,180,74,106
80,0,01513,Denny Hepler,180,20,160
80,0,02016,Bill Rogers,180,169,11
80,0,02195,Leonard Thompson,180,126,54
85,0,01935,Calvin Peete,182,181,1
85,0,02279,Mark Wiebe,182,118,64
87,0,01361,Dan Forsman,183,17,166
87,0,01599,Steve Jones,183,41,142
87,0,02303,Robert Wrenn,183,106,77
90,0,01996,Mike Reid,187,185,2
91,0,01175,Jim Carter,188,35,153
92,0,01150,George Burns,191,44,147
93,0,01219,John Cook,192,168,24
93,0,02244,Fred Wadsworth,192,84,108
95,0,01892,Aki Ohmachi,193,107,86
95,0,01998,Jack Renner,193,184,9
95,0,02087,Don Shirey Jr.,193,56,137
95,0,02180,Harry Taylor,193,142,51
99,0,01687,Jeff Lewis,194,50,144
99,0,01851,Bob Murphy,194,188,6
101,0,01385,Jim Gallagher Jr.,195,24,171
101,0,01446,Brad Greer,195,9,186
101,0,01448,Tony Grimes,195,78,117
104,0,01006,John Adams,196,37,159
104,0,02041,Bill Sander,196,11,185
106,0,02111,Mike Smith,197,90,107
107,0,02099,Scott Simpson,198,177,21
108,0,01522,Lon Hinkle,199,21,178
108,0,02007,Larry Rinker,199,76,123
110,0,01425,Ernie Gonzalez,202,40,162
110,0,01782,Mike McCullough,202,107,95
112,0,01282,Trevor Dodds,203,31,172
112,0,01313,Steve Elkington,203,98,105
114,0,01928,Corey Pavin,204,179,25
114,0,02242,Lanny Wadkins,204,170,34
116,0,02118,J.C. Snead,205,96,109
117,0,01284,Mike Donald,207,110,97
118,0,01499,Mark Hayes,209,95,114
119,0,01639,Kenny Knox,210,141,69
120,0,01206,Bobby Cole,211,93,118
120,0,01878,Andy North,211,96,115
120,0,02002,John Riegger,211,55,156
123,0,01200,Keith Clearwater,212,87,125
124,0,02239,Scott Verplank,213,79,134
125,0,02196,Robert Thompson,215,170,45
126,0,01248,Rick Dalpos,216,32,184
126,0,02010,Loren Roberts,216,170,46
126,0,02287,Jim Wilson,216,175,41
126,0,02322,Richard Zokol,216,150,66
130,0,01168,David Canipe,217,158,59
130,0,01329,Brad Faxon,217,68,149
130,0,01331,Rick Fehr,217,159,58
133,0,01261,Jay Delsing,218,42,176
133,0,01355,Raymond Floyd,218,124,94
133,0,01891,David Ogrin,218,147,71
133,0,02090,Tom Sieckmann,218,38,180
137,0,01039,Perry Arthur,220,51,169
138,0,01414,Bob Gilder,222,90,132
138,0,01701,Bob Lohr,222,143,79
140,0,01443,Hubert Green,223,186,37
141,0,01037,Dewey Arnette,226,51,175
142,0,01303,Bob Eastwood,227,114,113
142,0,01557,John Inman,227,165,62
144,0,02148,Ray Stewart,228,58,170
145,0,01129,Bill Britton,230,130,100
145,0,01201,Lennie Clements,230,163,67
145,0,01392,Tom Garner,230,180,50
148,0,01952,Billy Pierot,232,111,121
149,0,01179,Antonio Cerda,233,134,99
150,0,01346,Ed Fiori,234,174,60
150,0,02126,Bruce Soulsby,234,83,151
152,0,01310,Dave Eichelberger,235,58,177
153,0,02098,Jim Simons,236,183,53
154,0,01877,Tim Norris,242,177,65
155,0,02160,Ron Streck,243,139,104
155,0,02229,Brett Upper,243,161,82
157,0,01061,Ray Barr Jr.,245,153,92
158,0,01938,David Peoples,246,92,154
159,0,01943,Chris Perry,248,132,116
160,0,01278,Andy Dillard,249,84,165
161,0,01103,Charles Bolling,250,139,111
162,0,01949,Mark Pfeil,251,176,75
163,0,01534,John Horne,252,65,187
164,0,01495,Morris Hatalsky,256,182,74
164,0,01676,Ted Lehmann,256,74,182
166,0,01469,Dan Halldorson,259,132,127
167,0,01871,Mike Nicolette,260,102,158
168,0,01214,Frank Conner,262,105,157
169,0,01648,Billy Kratzert,264,116,148
170,0,01641,Gary Koch,269,134,135
171,0,01077,Mike Bender,271,121,150
171,0,01501,Vance Heafner,271,151,120
173,0,01196,Brian Claar,272,131,141
174,0,01571,Barry Jaeckel,273,99,174
175,0,01654,Gary Krueger,275,114,161
176,0,01323,Brad Fabel,280,144,136
176,0,01861,Jim Nelford,280,134,146
176,0,02201,Jim Thorpe,280,99,181
179,0,01162,Rex Caldwell,281,102,179
180,0,01526,David Hobby,284,159,125
180,0,02294,Willie Wood,284,145,139
182,0,01715,Mark Lye,290,145,145
183,0,01132,Mark Brooks,291,161,130
184,0,01584,Doug Johnson,304,166,138
185,0,01790,Pat McGowan,318,163,155
186,0,01593,Philip Jonas,338,155,183
187,0,01095,Woody Blackburn,355,167,188
187,0,02152,Dave Stockton,355,187,168