RANK,MOVEMENT,PLAYER_ID,PLAYER,VALUE,TOTAL DRV RANK,GIR RANK
1,0,12652,Cameron Beckman,10,6,4
2,0,20645,John Senden,11,9,2
3,0,20574,Mathew Goggin,13,2,11
4,0,23349,Charles Warren,15,1,14
5,0,20498,Briny Baird,21,13,8
6,0,20472,Alex Cejka,22,16,6
7,0,28475,Jeff Overton,24,14,10
8,0,01945,Kenny Perry,25,5,20
9,0,24140,Sean O'Hair,31,8,23
10,0,24781,Hunter Mahan,32,3,29
11,0,20691,Greg Owen,33,16,17
12,0,20105,Jeff Gove,35,32,3
13,0,23788,D.J. Trahan,37,10,27
14,0,06621,Joe Durant,38,26,12
14,0,01766,Billy Mayfair,38,20,18
16,0,01035,Tommy Armour III,40,35,5
17,0,10425,Jay Williamson,44,4,40
18,0,21959,Ted Purdy,45,24,21
19,0,08793,Tiger Woods,46,45,1
20,0,27933,John Merrick,50,41,9
21,0,10885,Robert Allenby,52,37,15
21,0,10733,Kent Jones,52,25,27
23,0,06197,Michael Allen,61,29,32
24,0,10809,Jim Furyk,62,56,6
24,0,23353,J.J. Henry,62,32,30
26,0,25900,Lucas Glover,64,20,44
27,0,24924,Bill Haas,65,12,53
27,0,26289,Boo Weekley,65,11,54
29,0,27095,Nick Watney,66,31,35
30,0,22892,Jason Gore,71,7,64
30,0,27963,Chris Stroud,71,22,49
32,0,19824,Craig Barlow,80,58,22
33,0,19803,Ryan Armour,81,40,41
34,0,23623,Bo Van Pelt,86,49,37
35,0,20104,Ken Duke,88,26,62
36,0,01707,Steve Lowery,91,50,41
37,0,28158,Steve Marino,96,46,50
37,0,20160,Charlie Wi,96,58,38
39,0,08123,Jeff Brehaut,98,19,79
39,0,02246,Duffy Waldorf,98,72,26
41,0,02101,Joey Sindelar,100,70,30
42,0,27702,Matt Hendrix,101,15,86
43,0,29718,Anthony Kim,102,29,73
43,0,22293,Heath Slocum,102,66,36
45,0,23322,Brett Wetterich,104,61,43
46,0,01142,Bart Bryant,108,69,39
47,0,27770,Camilo Villegas,109,50,59
48,0,21470,Daisuke Maruyama,110,22,88
49,0,06515,Shaun Micheel,113,61,52
50,0,24361,Pat Perez,115,47,68
51,0,26596,Ryan Moore,116,56,60
52,0,20634,Peter Lonard,118,18,100
53,0,22295,Darron Stiles,119,48,71
54,0,24358,Robert Garrigus,123,98,25
55,0,01157,Tom Byrum,129,53,76
56,0,28486,Michael Putnam,130,106,24
57,0,21633,Steve Allan,134,39,95
58,0,21646,David Branshaw,135,38,97
59,0,24912,Will MacKenzie,136,89,47
60,0,01388,Robert Gamez,138,81,57
60,0,24502,Adam Scott,138,66,72
62,0,02036,Jim Rutledge,145,26,119
63,0,23614,Rich Beem,147,35,112
63,0,01724,Jeff Maggert,147,114,33
63,0,22405,Justin Rose,147,89,58
66,0,10860,Justin Leonard,149,55,94
67,0,21878,Mark Wilson,152,61,91
68,0,26951,Johnson Wagner,154,135,19
68,0,25804,Bubba Watson,154,86,68
70,0,27141,J.B. Holmes,157,53,104
71,0,24507,Jason Bohn,158,76,82
71,0,22378,Trevor Immelman,158,92,66
73,0,20378,Mathias Grönberg,160,52,108
74,0,21753,Brian Davis,162,79,83
74,0,12660,Jesper Parnevik,162,129,33
76,0,01161,Mark Calcavecchia,163,42,121
77,0,24457,Jaco Van Zyl,168,43,125
78,0,24290,D.J. Brigman,170,119,51
78,0,02214,Kirk Triplett,170,108,62
80,0,01677,Tom Lehman,171,155,16
81,0,07457,Steve Flesch,172,117,55
81,0,24024,Zach Johnson,172,61,111
81,0,06567,Vijay Singh,172,127,45
84,0,22913,John Rollins,174,43,131
85,0,26679,Kevin Stadler,175,111,64
86,0,25892,Steve Wheatcroft,176,58,118
87,0,20382,Stephen Leaney,181,168,13
88,0,07363,Craig Bowden,186,98,88
89,0,12195,Tom Johnson,188,81,107
89,0,25190,Jeff Quinney,188,127,61
91,0,08075,Jerry Kelly,190,97,93
92,0,08931,Glen Day,191,77,114
92,0,06595,Kevin Sutherland,191,123,68
94,0,06004,Stephen Ames,193,107,86
95,0,11032,Frank Lickliter II,194,117,77
96,0,01132,Mark Brooks,196,104,92
97,0,02239,Scott Verplank,197,83,114
98,0,24490,George McNeill,200,61,139
99,0,26881,Jarrod Lyle,201,101,100
100,0,01810,Phil Mickelson,203,119,84
101,0,26882,Michael Sim,204,98,106
102,0,21731,Freddie Jacobson,205,159,46
103,0,20229,Stewart Cink,206,158,48
103,0,12714,Chris Tidland,206,75,131
105,0,01313,Steve Elkington,215,66,149
105,0,22806,Doug LaBelle II,215,101,114
107,0,20850,Daniel Chopra,216,141,75
107,0,12716,Charley Hoffman,216,93,123
107,0,27120,Troy Matteson,216,79,137
110,0,06522,Ernie Els,217,119,98
111,0,23933,Michael Boyd,218,70,148
111,0,29476,Kyle Reifers,218,108,110
113,0,20572,Rod Pampling,219,141,78
114,0,07867,Woody Austin,221,154,67
115,0,24357,K.J. Choi,222,148,74
115,0,01797,Rocco Mediate,222,132,90
117,0,06527,Steve Stricker,223,168,55
118,0,08375,Paul Stankowski,226,83,143
119,0,26360,Bubba Dickerson,227,34,193
120,0,11123,Chris Couch,229,108,121
120,0,25686,Jason Dufner,229,149,80
120,0,23497,Tag Ridings,229,72,157
123,0,10423,Mike Weir,234,83,151
124,0,01706,Davis Love III,235,111,124
125,0,21660,Jason Schultz,236,72,164
126,0,21805,Harrison Frazar,237,104,133
127,0,27060,John Mallinger,238,86,152
128,0,20127,Chris Riley,242,77,165
129,0,08537,J.P. Hayes,247,93,154
130,0,23638,Brendon de Jonge,248,135,113
130,0,24980,Scott Gutschewski,248,88,160
132,0,26420,Richard Johnson,250,151,99
132,0,23108,Matt Kuchar,250,166,84
134,0,19972,José Coceres,259,91,168
134,0,12782,Tim Herron,259,157,102
136,0,01381,Fred Funk,264,93,171
136,0,19846,Brian Gay,264,111,153
138,0,01024,Billy Andrade,266,185,81
139,0,24925,Jonathan Byrd,268,132,136
139,0,23983,Luke Donald,268,123,145
139,0,10117,Bob Heintz,268,122,146
142,0,21209,Sergio Garcia,269,164,105
143,0,21961,Charles Howell III,270,130,140
143,0,12705,Cliff Kresge,270,174,96
145,0,20433,Mark Hensby,272,132,140
146,0,23320,Ryan Palmer,273,146,127
147,0,07547,Craig Kanada,275,167,108
148,0,08881,Tripp Isenhour,277,93,184
149,0,12510,Chad Campbell,278,149,129
150,0,20859,Anders Hansen,279,123,156
150,0,23325,Vaughn Taylor,279,159,120
150,0,02206,David Toms,279,151,128
153,0,01249,John Daly,280,101,179
154,0,22046,Geoff Ogilvy,281,123,158
155,0,01320,Bob Estes,282,139,143
156,0,01941,Tom Pernice Jr.,284,114,170
157,0,27649,Brandt Snedeker,291,188,103
158,0,23135,Tim Clark,292,116,176
158,0,21806,Paul Gow,292,162,130
160,0,06034,Marco Dawson,297,163,134
160,0,01577,Lee Janzen,297,180,117
162,0,20623,Gavin Coles,298,137,161
163,0,25345,Carl Pettersson,301,175,126
164,0,25273,Andrew Buckle,303,141,162
165,0,21949,Joe Ogilvie,309,137,172
166,0,25396,Kevin Na,313,146,167
167,0,20098,Stuart Appleby,315,140,175
167,0,10213,Dicky Pride,315,180,135
169,0,22371,Aaron Baddeley,318,130,188
170,0,22212,Craig Lile,321,171,150
170,0,21528,Henrik Stenson,321,141,180
172,0,02223,Bob Tway,325,187,138
173,0,12602,Dean Wilson,326,184,142
174,0,06643,Paul Goydos,333,141,192
174,0,01948,Tim Petrovic,333,178,155
176,0,01928,Corey Pavin,334,151,183
177,0,20628,Arron Oberholser,335,172,163
178,0,23613,Rich Barcelo,339,192,147
179,0,22621,Ben Curtis,340,155,185
180,0,07223,Brian Bateman,341,164,177
181,0,23621,Rory Sabbatini,344,170,174
182,0,23718,Nathan Green,346,177,169
182,0,07749,Brett Quigley,346,180,166
184,0,20766,Padraig Harrington,348,159,189
185,0,24138,Ian Poulter,349,176,173
186,0,21350,Ryuji Imada,352,193,159
187,0,20157,Retief Goosen,367,173,194
188,0,23048,Eric Axley,369,191,178
189,0,23800,Bryce Molder,370,179,191
190,0,24449,Parker McLachlin,371,185,186
191,0,12680,Shigeki Maruyama,372,190,182
192,0,02104,Jeff Sluman,376,195,181
193,0,01473,Todd Hamilton,378,183,195
194,0,22348,Nick O'Hern,379,189,190
195,0,06251,Chris DiMarco,381,194,187
196,0,06373,José María Olazábal,392,196,196