RANK,MOVEMENT,PLAYER_ID,PLAYER,VALUE,TOTAL DRV RANK,GIR RANK
1,5,02170,Hal Sutton,12,5,7
2,6,01385,Jim Gallagher Jr.,13,11,2
3,8,01837,Gil Morgan,16,6,10
4,8,01042,Paul Azinger,17,4,13
5,5,01876,Greg Norman,18,1,17
6,3,01690,Bruce Lietzke,20,19,1
7,9,01035,Tommy Armour III,24,13,11
8,6,01945,Kenny Perry,27,2,25
8,13,02100,Tim Simpson,27,15,12
10,16,01725,John Mahaffey,32,28,4
10,9,02133,Craig Stadler,32,3,29
12,8,02033,Dave Rummells,33,26,7
13,9,01418,Bill Glasson,37,17,20
14,15,02321,Fuzzy Zoeller,45,23,22
15,12,02146,Payne Stewart,47,12,35
16,20,01143,Brad Bryant,48,17,31
16,14,02118,J.C. Snead,48,43,5
18,17,01133,Billy Ray Brown,51,24,27
19,23,02067,Ted Schulz,53,32,21
20,24,01797,Rocco Mediate,55,41,14
21,10,01098,Jay Don Blake,57,19,38
21,10,01771,Blaine McCallister,57,10,47
23,28,01783,Mark McCumber,60,46,14
24,19,01060,Dave Barr,61,58,3
24,30,01510,Nolan Henke,61,43,18
24,15,01569,Peter Jacobsen,61,8,53
24,17,01975,Tom Purtzer,61,24,37
28,10,01926,Steve Pate,62,13,49
29,21,01161,Mark Calcavecchia,66,21,45
29,16,01226,Fred Couples,66,16,50
31,15,01014,Fulton Allem,67,9,58
32,28,01682,Wayne Levi,69,60,9
32,17,01958,Dan Pohl,69,7,62
34,24,02190,Doug Tewell,75,36,39
35,24,06284,Jim Hallet,77,54,23
36,27,01527,Scott Hoch,78,32,46
36,17,01549,Mike Hulbert,78,36,42
36,25,01633,Tom Kite,78,49,29
39,22,02246,Duffy Waldorf,86,31,55
40,31,02225,Howard Twitty,100,57,43
41,25,01938,David Peoples,101,77,24
42,23,01151,Clark Burroughs,104,72,32
43,24,01706,Davis Love III,108,36,72
44,28,02279,Mark Wiebe,109,42,67
45,32,01723,Andrew Magee,110,29,81
45,27,02101,Joey Sindelar,110,56,54
47,34,02159,Curtis Strange,111,59,52
48,45,01049,Ian Baker-Finch,112,50,62
48,31,01313,Steve Elkington,112,73,39
48,22,01968,Nick Price,112,29,83
51,48,01282,Trevor Dodds,115,87,28
52,23,02049,Gene Sauers,118,27,91
52,27,02303,Robert Wrenn,118,43,75
54,28,01941,Tom Pernice Jr.,120,87,33
55,34,01475,Donnie Hammond,125,60,65
55,38,01846,Jodie Mudd,125,54,71
57,38,02322,Richard Zokol,128,78,50
58,26,02087,Don Shirey Jr.,130,124,6
59,45,01006,John Adams,131,71,60
60,30,01203,Russ Cochran,132,46,86
60,23,01766,Billy Mayfair,132,22,110
60,47,02186,Brian Tennyson,132,66,66
63,28,01864,Larry Nelson,135,32,103
64,46,01390,Buddy Gardner,136,69,67
65,46,01201,Lennie Clements,138,122,16
66,33,02185,Lance Ten Broeck,139,120,19
67,38,01444,Ken Green,140,50,90
67,50,01559,Hale Irwin,140,104,36
69,23,02241,Bobby Wadkins,142,78,64
70,48,01435,Wayne Grady,148,87,61
70,27,01777,John McComish,148,40,108
72,27,01200,Keith Clearwater,149,70,79
73,38,01639,Kenny Knox,151,50,101
74,33,01468,Gary Hallberg,152,60,92
74,21,01599,Steve Jones,152,32,120
76,35,01884,Mac O'Grady,155,112,43
77,50,01306,David Edwards,156,82,74
78,50,01522,Lon Hinkle,160,84,76
79,37,02195,Leonard Thompson,162,66,96
80,34,01175,Jim Carter,163,36,127
81,28,01068,Andy Bean,168,50,118
81,43,01072,Chip Beck,168,66,102
83,37,01469,Dan Halldorson,171,87,84
84,53,02242,Lanny Wadkins,173,125,48
85,51,02148,Ray Stewart,176,117,59
86,36,01156,Curt Byrum,177,110,67
86,49,01346,Ed Fiori,177,99,78
88,37,02223,Bob Tway,180,74,106
89,107,01564,David Jackson,183,97,86
90,53,01326,Nick Faldo,187,46,141
91,46,01378,David Frost,188,65,123
91,70,01877,Tim Norris,188,107,81
93,39,01499,Mark Hayes,191,118,73
93,107,02010,Loren Roberts,191,134,57
95,57,01168,David Canipe,192,93,99
95,64,01307,Joel Edwards,192,158,34
95,48,01736,Roger Maltbie,192,80,112
98,68,01996,Mike Reid,193,93,100
99,67,01701,Bob Lohr,194,91,103
100,109,01154,Bill Buttner,197,171,26
101,39,01129,Bill Britton,199,129,70
102,38,01715,Mark Lye,209,129,80
103,72,01823,Larry Mize,214,92,122
104,71,01414,Bob Gilder,216,63,153
104,55,01943,Chris Perry,216,140,76
106,34,02256,Tom Watson,217,102,115
107,70,01928,Corey Pavin,221,93,128
107,127,01931,Rick Pearson,221,180,41
109,72,01078,Jim Benepe,222,63,159
110,23,01887,Mark O'Meara,223,110,113
111,87,01550,Ed Humenik,225,75,150
112,57,01331,Rick Fehr,226,138,88
113,102,01891,David Ogrin,230,133,97
114,99,02041,Bill Sander,231,80,151
115,53,01284,Mike Donald,233,97,136
116,80,01106,Jim Booros,235,137,98
116,85,01507,Webb Heintzelman,235,140,95
116,76,02090,Tom Sieckmann,235,75,160
119,67,01662,Greg Ladehoff,238,99,139
120,155,01061,Ray Barr Jr.,239,183,56
120,83,01132,Mark Brooks,239,145,94
122,41,01329,Brad Faxon,241,120,121
123,123,01248,Rick Dalpos,242,126,116
123,116,01261,Jay Delsing,242,131,111
125,70,01024,Billy Andrade,243,151,92
126,92,02095,Larry Silveira,245,102,143
127,80,01381,Fred Funk,246,127,119
127,120,01935,Calvin Peete,246,93,153
129,121,01557,John Inman,247,162,85
129,80,02267,D.A. Weibring,247,109,138
131,104,01773,Ronnie McCann,248,114,134
132,80,02292,Bob Wolcott,249,161,88
133,61,01310,Dave Eichelberger,250,104,146
134,46,01303,Bob Eastwood,251,118,133
135,87,01717,Sandy Lyle,255,84,171
135,122,02099,Scott Simpson,255,131,124
137,121,01157,Tom Byrum,257,84,173
138,82,02201,Jim Thorpe,259,150,109
139,128,02261,Doug Weaver,261,104,157
140,86,01487,Jeff Hart,263,149,114
141,132,01443,Hubert Green,264,82,182
142,128,01096,Phil Blackmar,273,101,172
142,118,01323,Brad Fabel,273,166,107
144,82,01571,Barry Jaeckel,274,148,126
145,70,02023,Clarence Rose,275,140,135
146,79,02167,Mike Sullivan,277,107,170
147,116,01361,Dan Forsman,278,134,144
147,116,01960,Don Pooley,278,112,166
149,114,01374,Robin Freeman,281,151,130
150,99,01093,Ronnie Black,282,136,146
151,111,01984,Sam Randolph,283,114,169
152,116,01641,Gary Koch,286,155,131
153,207,01790,Pat McGowan,290,185,105
154,98,01150,George Burns,291,123,168
155,131,01685,J.L. Lewis,293,114,179
156,102,01197,Bobby Clampett,295,147,148
156,144,01457,Jay Haas,295,178,117
156,97,01813,Mike Miles,295,158,137
159,134,01086,Roy Biancalana,297,172,125
160,143,01533,P.H. Horgan III,302,173,129
161,131,01666,Bernhard Langer,304,127,177
162,110,01553,John Huston,305,140,165
163,130,01992,Don Reese,307,158,149
163,141,02239,Scott Verplank,307,175,132
165,141,01235,Ben Crenshaw,309,154,155
166,148,01626,Karl Kimball,311,169,142
167,149,02094,Tony Sills,314,169,145
167,165,02224,Greg Twiggs,314,140,174
169,178,01355,Raymond Floyd,319,138,181
169,182,02222,Billy Tuten,319,179,140
171,141,02104,Jeff Sluman,324,157,167
172,143,01952,Billy Pierot,325,163,162
173,168,01112,Charlie Bowles,326,146,180
174,170,01033,George Archer,328,165,163
175,166,01448,Tony Grimes,329,168,161
176,158,01162,Rex Caldwell,333,155,178
176,194,02196,Robert Thompson,333,181,152
178,174,02007,Larry Rinker,335,177,158
179,195,01030,Isao Aoki,336,153,183
180,175,01320,Bob Estes,339,175,164
180,191,01755,Dick Mast,339,184,155
182,273,01495,Morris Hatalsky,349,164,185
182,212,01614,Jack Kay Jr.,349,174,175
184,215,01925,Jerry Pate,351,167,184
185,220,01489,Steve Hart,358,182,176
186,358,02294,Willie Wood,372,186,186