RANK,MOVEMENT,PLAYER_ID,PLAYER,COMBINED RANK,CARRY EFFICIENCY RANK,TOTAL DIST. EFFIC. RANK
1,0,22293,Heath Slocum,4,2,2
2,0,21878,Mark Wilson,6,3,3
3,0,24781,Hunter Mahan,9,4,5
4,0,26758,David Hearn,18,12,6
5,0,21753,Brian Davis,22,21,1
6,0,30926,Chris Kirk,23,14,9
7,0,26476,Chez Reavie,24,16,8
7,0,23623,Bo Van Pelt,24,17,7
9,0,28620,Aron Price,27,18,9
10,0,29420,Billy Horschel,30,8,22
11,0,27141,J.B. Holmes,33,1,32
11,0,21949,Joe Ogilvie,33,21,12
11,0,27649,Brandt Snedeker,33,15,18
14,0,20472,Alex Cejka,34,18,16
14,0,32102,Rickie Fowler,34,12,22
16,0,27330,Josh Teater,42,5,37
17,0,27936,Martin Laird,45,25,20
18,0,28089,Jason Day,46,9,37
19,0,23320,Ryan Palmer,48,6,42
19,0,27770,Camilo Villegas,48,33,15
21,0,27933,John Merrick,51,38,13
22,0,21805,Harrison Frazar,55,25,30
23,0,01810,Phil Mickelson,59,9,50
24,0,20766,Padraig Harrington,61,7,54
24,0,02206,David Toms,61,57,4
26,0,08537,J.P. Hayes,67,43,24
26,0,23325,Vaughn Taylor,67,34,33
28,0,24290,D.J. Brigman,68,34,34
29,0,24358,Robert Garrigus,71,41,30
30,0,23548,Bill Lunde,72,31,41
31,0,25345,Carl Pettersson,74,55,19
32,0,21407,Arjun Atwal,76,49,27
33,0,10885,Robert Allenby,77,52,25
33,0,27974,Sung Kang,77,31,46
35,0,30750,Tommy Gainey,78,25,53
36,0,26679,Kevin Stadler,86,29,57
37,0,28158,Steve Marino,87,25,62
37,0,06527,Steve Stricker,87,60,27
39,0,24507,Jason Bohn,89,78,11
40,0,06567,Vijay Singh,91,20,71
41,0,33141,Keegan Bradley,94,23,71
42,0,10809,Jim Furyk,96,80,16
43,0,31193,Jim Renner,97,48,49
44,0,34255,Joseph Bramlett,99,49,50
44,0,22913,John Rollins,99,38,61
46,0,24024,Zach Johnson,102,75,27
47,0,01797,Rocco Mediate,106,43,63
47,0,26331,Charl Schwartzel,106,60,46
49,0,28486,Michael Putnam,109,43,66
50,0,23541,Ben Crane,111,54,57
51,0,27939,Matt McQuillan,113,47,66
52,0,06522,Ernie Els,117,37,80
53,0,23497,Tag Ridings,119,29,90
54,0,26851,Marc Leishman,122,38,84
55,0,22046,Geoff Ogilvy,125,68,57
56,0,12652,Cameron Beckman,126,89,37
56,0,01313,Steve Elkington,126,101,25
58,0,28475,Jeff Overton,128,84,44
58,0,25240,D.A. Points,128,91,37
60,0,27963,Chris Stroud,129,72,57
61,0,10733,Kent Jones,131,77,54
62,0,23614,Rich Beem,133,60,73
62,0,19846,Brian Gay,133,119,14
62,0,24924,Bill Haas,133,67,66
62,0,20436,Garrett Willis,133,98,35
66,0,29718,Anthony Kim,137,64,73
66,0,22348,Nick O'Hern,137,95,42
68,0,32366,Kevin Chappell,139,95,44
69,0,09011,David Duval,144,68,76
69,0,20127,Chris Riley,144,123,21
71,0,12782,Tim Herron,145,72,73
72,0,20229,Stewart Cink,147,60,87
72,0,23621,Rory Sabbatini,147,81,66
74,0,27120,Troy Matteson,149,59,90
74,0,25818,Scott Piercy,149,11,138
74,0,32876,Martin Piller,149,83,66
77,0,29518,Brendan Steele,150,52,98
78,0,30946,Alex Prugh,152,55,97
79,0,12716,Charley Hoffman,153,36,117
80,0,19970,Robert Karlsson,154,42,112
81,0,20848,Ángel Cabrera,158,95,63
82,0,01706,Davis Love III,159,24,135
83,0,06643,Paul Goydos,160,114,46
84,0,30925,Dustin Johnson,161,57,104
85,0,33413,Ben Martin,162,68,94
86,0,26287,Roland Thatcher,167,68,99
87,0,27466,Spencer Levin,168,112,56
88,0,20157,Retief Goosen,174,87,87
89,0,24502,Adam Scott,176,89,87
90,0,30110,Kyle Stanley,178,66,112
91,0,32150,Michael Thompson,185,49,136
92,0,30711,Colt Knost,187,107,80
93,0,07867,Woody Austin,191,74,117
94,0,29221,Webb Simpson,193,64,129
95,0,01766,Billy Mayfair,195,75,120
96,0,34072,Will Strickler,197,46,151
97,0,25686,Jason Dufner,200,148,52
97,0,24490,George McNeill,200,91,109
99,0,23108,Matt Kuchar,203,119,84
100,0,24138,Ian Poulter,205,93,112
101,0,24357,K.J. Choi,206,105,101
101,0,26596,Ryan Moore,206,130,76
103,0,10505,Shane Bertsch,210,174,36
103,0,24980,Scott Gutschewski,210,147,63
105,0,25632,Jimmy Walker,213,114,99
106,0,25444,Justin Hicks,214,110,104
107,0,06251,Chris DiMarco,215,136,79
108,0,06573,Brandt Jobe,217,105,112
109,0,29910,Blake Adams,219,123,96
109,0,01577,Lee Janzen,219,112,107
109,0,25562,Andres Romero,219,93,126
112,0,20498,Briny Baird,220,108,112
113,0,31557,Jim Herman,221,138,83
114,0,23788,D.J. Trahan,222,82,140
114,0,27064,Jhonattan Vegas,222,84,138
116,0,32640,Troy Merritt,223,101,122
117,0,28087,Kris Blanks,225,141,84
118,0,28679,Fabián Gómez,230,108,122
118,0,25804,Bubba Watson,230,87,143
120,0,26668,Marc Turnesa,231,103,128
120,0,26951,Johnson Wagner,231,122,109
122,0,07457,Steve Flesch,232,152,80
123,0,25274,Steven Bowditch,233,84,149
123,0,27797,Derek Lamely,233,78,155
125,0,26881,Jarrod Lyle,234,117,117
126,0,22621,Ben Curtis,237,144,93
127,0,23353,J.J. Henry,238,130,108
128,0,20070,Matt Bettencourt,239,138,101
129,0,08075,Jerry Kelly,240,134,106
129,0,22961,David Mathis,240,146,94
131,0,20572,Rod Pampling,241,165,76
132,0,12602,Dean Wilson,244,114,130
133,0,10860,Justin Leonard,245,155,90
134,0,25457,Alexandre Rocha,254,103,151
135,0,29720,Andres Gonzales,257,125,132
136,0,33419,Cameron Tringale,262,138,124
137,0,24663,Y.E. Yang,264,119,145
138,0,31323,Gary Woodland,268,136,132
139,0,01948,Tim Petrovic,269,168,101
140,0,24925,Jonathan Byrd,270,100,170
140,0,12510,Chad Campbell,270,125,145
140,0,22405,Justin Rose,270,130,140
140,0,20160,Charlie Wi,270,134,136
144,0,06004,Stephen Ames,274,142,132
145,0,24604,Hunter Haas,276,152,124
146,0,08375,Paul Stankowski,277,98,179
147,0,29478,Kevin Kisner,278,125,153
148,0,30692,Scott Stallings,280,117,163
148,0,26289,Boo Weekley,280,171,109
150,0,21350,Ryuji Imada,281,161,120
151,0,25900,Lucas Glover,282,142,140
152,0,23673,Michael Connell,285,155,130
153,0,27095,Nick Watney,288,130,158
154,0,23983,Luke Donald,292,111,181
155,0,01116,Michael Bradley,296,169,127
156,0,32698,Bobby Gates,297,128,169
157,0,24361,Pat Perez,298,149,149
158,0,26300,Matt Jones,304,157,147
158,0,31202,William McGirt,304,161,143
160,0,23800,Bryce Molder,305,158,147
161,0,11123,Chris Couch,306,129,177
162,0,20645,John Senden,308,149,159
163,0,31401,Zack Miller,311,144,167
164,0,20098,Stuart Appleby,317,161,156
165,0,25572,Graeme McDowell,318,152,166
166,0,24140,Sean O'Hair,322,151,171
167,0,27214,Kevin Streelman,323,158,165
168,0,25396,Kevin Na,324,160,164
169,0,26420,Richard Johnson,326,167,159
169,0,33911,Nate Smith,326,170,156
171,0,06515,Shaun Micheel,332,179,153
172,0,22371,Aaron Baddeley,335,161,174
173,0,06621,Joe Durant,338,171,167
173,0,25834,Daniel Summerhays,338,177,161
175,0,10585,Scott McCarron,341,166,175
176,0,21731,Freddie Jacobson,342,181,161
177,0,21961,Charles Howell III,348,176,172
178,0,20593,Greg Chalmers,352,174,178
178,0,23638,Brendon de Jonge,352,177,175
180,0,21209,Sergio Garcia,354,181,173
181,0,35087,Bio Kim,355,173,182
182,0,08725,Tom Gillis,364,184,180
183,0,23409,James Driscoll,366,180,186
183,0,22378,Trevor Immelman,366,183,183
185,0,24846,Ricky Barnes,370,185,185
185,0,23718,Nathan Green,370,186,184