RANK,MOVEMENT,PLAYER_ID,PLAYER,TOTAL,DISTANCE RANK,ACCURACY RANK
1,0,33141,Keegan Bradley,64,27,37
2,0,25900,Lucas Glover,75,35,40
3,0,34264,Hudson Swafford,81,7,74
4,0,31646,Emiliano Grillo,84,67,17
5,0,33410,Andrew Landry,85,59,26
6,0,28237,Rory McIlroy,86,9,77
7,0,25364,Paul Casey,90,54,36
8,0,24461,Thomas Aiken,91,89,2
9,0,21209,Sergio Garcia,98,28,70
10,0,35451,Scott Pinckney,99,43,56
11,0,26289,Boo Weekley,100,84,16
12,0,33204,Shane Lowry,101,32,69
13,0,34098,Russell Henley,103,48,55
14,0,31557,Jim Herman,112,87,25
15,0,29518,Brendan Steele,114,20,94
16,0,29479,Scott Brown,123,76,47
17,0,30944,Jason Kokrak,125,6,119
18,0,37455,Si Woo Kim,126,69,57
18,0,37189,Harold Varner III,126,22,104
20,0,25686,Jason Dufner,128,70,58
21,0,27436,Graham DeLaet,132,37,95
21,0,32839,Hideki Matsuyama,132,65,67
21,0,24140,Sean O'Hair,132,20,112
21,0,29485,Brett Stegmaier,132,52,80
25,0,32366,Kevin Chappell,133,46,87
25,0,26476,Chez Reavie,133,123,10
27,0,32102,Rickie Fowler,136,23,113
27,0,36689,Brooks Koepka,136,19,117
29,0,35732,Wes Roach,137,59,78
30,0,29478,Kevin Kisner,138,105,33
30,0,25818,Scott Piercy,138,37,101
32,0,26329,Louis Oosthuizen,139,68,71
33,0,30925,Dustin Johnson,140,2,138
33,0,23320,Ryan Palmer,140,12,128
35,0,33399,Adam Hadwin,141,92,49
36,0,22405,Justin Rose,143,16,127
37,0,27214,Kevin Streelman,144,104,40
38,0,33122,Russell Knox,145,137,8
38,0,26851,Marc Leishman,145,55,90
40,0,27644,Brian Harman,146,95,51
40,0,29461,Jamie Lovemark,146,11,135
40,0,20691,Greg Owen,146,39,107
43,0,31202,William McGirt,149,118,31
44,0,30110,Kyle Stanley,150,112,38
45,0,22892,Jason Gore,151,103,48
46,0,29476,Kyle Reifers,153,123,30
47,0,34174,John Huh,154,145,9
47,0,31323,Gary Woodland,154,10,144
49,0,12510,Chad Campbell,155,116,39
49,0,32200,Roberto Castro,155,149,6
49,0,22046,Geoff Ogilvy,155,80,75
52,0,29420,Billy Horschel,156,72,84
53,0,35545,Blayne Barber,157,97,60
53,0,36699,Patrick Rodgers,157,26,131
55,0,37273,Derek Ernst,159,63,96
55,0,24924,Bill Haas,159,97,62
55,0,34409,David Lingmerth,159,144,15
58,0,23108,Matt Kuchar,161,137,24
59,0,20229,Stewart Cink,162,42,120
59,0,20572,Rod Pampling,162,117,45
59,0,27064,Jhonattan Vegas,162,14,148
62,0,30163,Henrik Norlander,164,112,52
62,0,25804,Bubba Watson,164,4,160
64,0,24502,Adam Scott,166,13,153
65,0,10809,Jim Furyk,167,160,7
66,0,37454,Whee Kim,168,118,50
66,0,26596,Ryan Moore,168,150,18
68,0,27466,Spencer Levin,169,157,12
68,0,25572,Graeme McDowell,169,156,13
70,0,32448,James Hahn,172,88,84
71,0,34261,Scott Langley,174,139,35
71,0,29926,Danny Lee,174,130,44
71,0,33413,Ben Martin,174,108,66
71,0,34046,Jordan Spieth,174,51,123
71,0,32150,Michael Thompson,174,85,89
76,0,25198,Francesco Molinari,175,129,46
77,0,34265,Will Wilcox,176,73,103
78,0,20472,Alex Cejka,177,155,22
78,0,08075,Jerry Kelly,177,174,3
78,0,26951,Johnson Wagner,177,101,76
81,0,29725,Tony Finau,178,3,175
81,0,28679,Fabián Gómez,178,105,73
83,0,26758,David Hearn,179,158,21
83,0,27974,Sung Kang,179,77,102
83,0,29223,Sam Saunders,179,81,98
86,0,40026,Daniel Berger,180,34,146
86,0,27141,J.B. Holmes,180,1,179
86,0,31560,Brian Stuard,180,176,4
89,0,23621,Rory Sabbatini,182,118,64
90,0,25493,Nick Taylor,184,47,137
91,0,40058,Zac Blair,185,180,5
91,0,20766,Padraig Harrington,185,97,88
91,0,30711,Colt Knost,185,184,1
91,0,35879,Kelly Kraft,185,93,92
95,0,24358,Robert Garrigus,186,18,168
95,0,26331,Charl Schwartzel,186,44,142
97,0,20848,Ángel Cabrera,187,63,124
97,0,27129,Luke List,187,7,180
99,0,26300,Matt Jones,188,56,132
99,0,27649,Brandt Snedeker,188,75,113
101,0,35300,Andrew Loupe,189,5,184
102,0,30692,Scott Stallings,190,50,140
103,0,34099,Harris English,191,29,162
103,0,21961,Charles Howell III,191,17,174
103,0,27936,Martin Laird,191,33,158
103,0,33448,Justin Thomas,191,24,167
107,0,34563,Chesson Hadley,192,45,147
107,0,34360,Patrick Reed,192,41,151
107,0,20645,John Senden,192,95,97
107,0,34431,Robert Streb,192,59,133
111,0,24507,Jason Bohn,193,179,14
112,0,33461,Morgan Hoffmann,195,66,129
112,0,24781,Hunter Mahan,195,56,139
112,0,02206,David Toms,195,184,11
115,0,28089,Jason Day,196,15,181
115,0,10213,Dicky Pride,196,173,23
117,0,28158,Steve Marino,197,79,118
117,0,29221,Webb Simpson,197,132,65
119,0,36801,Mark Hubbard,198,164,34
119,0,33418,Shawn Stefani,198,78,120
121,0,24024,Zach Johnson,199,167,32
121,0,25396,Kevin Na,199,170,29
121,0,23325,Vaughn Taylor,199,127,72
124,0,24357,K.J. Choi,200,180,20
124,0,12716,Charley Hoffman,200,36,164
126,0,46440,Smylie Kaufman,201,30,171
126,0,21878,Mark Wilson,201,182,19
128,0,29222,Billy Hurley III,204,176,28
128,0,30926,Chris Kirk,204,136,68
128,0,33667,Carlos Ortiz,204,31,173
131,0,45526,Abraham Ancer,205,178,27
132,0,29974,Branden Grace,206,48,158
133,0,29268,Bronson Burgoon,207,71,136
133,0,20104,Ken Duke,207,164,43
133,0,32640,Troy Merritt,207,126,81
133,0,25632,Jimmy Walker,207,24,183
137,0,20098,Stuart Appleby,215,152,63
138,0,23541,Ben Crane,216,162,54
138,0,32618,Rhein Gibson,216,40,176
140,0,27963,Chris Stroud,218,132,86
141,0,01810,Phil Mickelson,219,56,163
142,0,27895,Jonas Blixt,220,90,130
143,0,24912,Will MacKenzie,223,140,83
143,0,23800,Bryce Molder,223,164,59
145,0,29720,Andres Gonzales,224,59,165
146,0,34262,Jon Curran,225,183,42
146,0,24490,George McNeill,225,147,78
148,0,23353,J.J. Henry,227,123,104
149,0,06527,Steve Stricker,228,175,53
149,0,25892,Steve Wheatcroft,228,135,93
151,0,25834,Daniel Summerhays,229,114,115
152,0,27747,Hiroshi Iwata,230,108,122
153,0,23638,Brendon de Jonge,231,122,109
154,0,31420,Anirban Lahiri,232,82,150
154,0,28114,Dawie van der Walt,232,91,141
154,0,25349,Tim Wilkinson,232,171,61
157,0,29289,S.Y. Noh,234,52,182
158,0,06567,Vijay Singh,236,93,143
159,0,22371,Aaron Baddeley,237,82,155
160,0,35891,Cameron Smith,240,132,108
161,0,32876,Martin Piller,241,130,111
161,0,33419,Cameron Tringale,241,142,99
163,0,32757,Patton Kizzire,243,86,157
163,0,28092,D.H. Lee,243,161,82
165,0,06522,Ernie Els,244,74,170
166,0,28475,Jeff Overton,249,143,106
167,0,35532,Tom Hoge,252,100,152
168,0,25240,D.A. Points,253,153,100
169,0,35539,Luke Guthrie,256,102,154
170,0,20157,Retief Goosen,257,108,149
171,0,34466,Peter Malnati,260,169,91
172,0,39975,Michael Kim,264,148,116
173,0,29745,Tyler Aldridge,267,141,126
174,0,21731,Freddie Jacobson,272,162,110
175,0,24846,Ricky Barnes,284,118,166
176,0,28132,Tyrone Van Aswegen,285,114,171
177,0,31416,Derek Fathauer,289,111,178
178,0,25274,Steven Bowditch,292,107,185
178,0,30927,Brendon Todd,292,167,125
180,0,23983,Luke Donald,295,151,144
181,0,27770,Camilo Villegas,304,127,177
182,0,25720,Chad Collins,305,171,134
183,0,24494,Erik Compton,314,145,169
183,0,27942,Rob Oppenheim,314,158,156
185,0,10885,Robert Allenby,315,154,161