RANK,MOVEMENT,PLAYER_ID,PLAYER,VALUE,TOTAL DRV RANK,GIR RANK
1,0,02170,Hal Sutton,5,2,3
2,0,01677,Tom Lehman,8,7,1
3,0,01418,Bill Glasson,11,6,5
4,0,08793,Tiger Woods,14,10,4
5,0,06621,Joe Durant,18,1,17
5,0,01797,Rocco Mediate,18,8,10
7,0,01161,Mark Calcavecchia,19,11,8
8,0,02245,Grant Waite,26,3,23
9,0,01876,Greg Norman,28,17,11
10,0,01706,Davis Love III,30,21,9
10,0,01968,Nick Price,30,9,21
12,0,09011,David Duval,35,11,24
13,0,02246,Duffy Waldorf,41,14,27
14,0,01619,Skip Kendall,43,28,15
14,0,01945,Kenny Perry,43,4,39
14,0,02223,Bob Tway,43,37,6
17,0,12645,Brent Geiberger,45,16,29
18,0,01226,Fred Couples,47,29,18
19,0,01457,Jay Haas,52,23,29
20,0,02133,Craig Stadler,54,32,22
20,0,02321,Fuzzy Zoeller,54,48,6
22,0,01157,Tom Byrum,55,5,50
23,0,01334,Keith Fergus,57,22,35
24,0,01388,Robert Gamez,60,36,24
25,0,01810,Phil Mickelson,65,24,41
26,0,01313,Steve Elkington,66,50,16
26,0,01724,Jeff Maggert,66,34,32
28,0,01633,Tom Kite,68,19,49
28,0,02023,Clarence Rose,68,42,26
30,0,01569,Peter Jacobsen,69,57,12
31,0,01975,Tom Purtzer,71,51,20
32,0,02214,Kirk Triplett,79,51,28
33,0,10962,Bradley Hughes,80,13,67
34,0,10457,Frank Nobilo,81,26,55
35,0,02256,Tom Watson,82,48,34
36,0,01723,Andrew Magee,84,39,45
37,0,01527,Scott Hoch,88,75,13
38,0,01219,John Cook,89,87,2
39,0,01766,Billy Mayfair,91,20,71
40,0,01035,Tommy Armour III,92,32,60
40,0,10809,Jim Furyk,92,39,53
42,0,01707,Steve Lowery,93,54,39
43,0,06044,Scott Gump,96,60,36
44,0,01577,Lee Janzen,97,31,66
45,0,01143,Brad Bryant,104,85,19
45,0,01175,Jim Carter,104,44,60
47,0,01203,Russ Cochran,106,92,14
47,0,12782,Tim Herron,106,44,62
49,0,01408,Kelly Gibson,109,63,46
50,0,02159,Curtis Strange,110,66,44
51,0,07003,David Berganio Jr.,112,39,73
51,0,06643,Paul Goydos,112,15,97
51,0,01599,Steve Jones,112,44,68
54,0,02101,Joey Sindelar,114,63,51
55,0,19881,Robert Damron,117,27,90
56,0,01771,Blaine McCallister,118,80,38
57,0,01042,Paul Azinger,120,34,86
58,0,06617,Brian Henninger,123,51,72
59,0,08375,Paul Stankowski,125,37,88
60,0,02104,Jeff Sluman,128,69,59
61,0,01381,Fred Funk,129,60,69
62,0,01361,Dan Forsman,130,78,52
63,0,01326,Nick Faldo,135,43,92
64,0,01920,Craig Parry,137,83,54
65,0,06567,Vijay Singh,139,62,77
66,0,01331,Rick Fehr,142,111,31
66,0,11032,Frank Lickliter II,142,25,117
68,0,01823,Larry Mize,145,80,65
69,0,20098,Stuart Appleby,146,18,128
69,0,01553,John Huston,146,83,63
71,0,01748,Doug Martin,150,103,47
71,0,10585,Scott McCarron,150,55,95
73,0,20229,Stewart Cink,153,57,96
74,0,02049,Gene Sauers,159,127,32
74,0,02146,Payne Stewart,159,75,84
76,0,01320,Bob Estes,161,106,55
77,0,01098,Jay Don Blake,162,85,77
78,0,06613,Tommy Tolles,164,94,70
79,0,01014,Fulton Allem,165,90,75
80,0,02218,Ted Tryba,167,70,97
81,0,01996,Mike Reid,168,126,42
82,0,12660,Jesper Parnevik,170,122,48
83,0,01139,Olin Browne,171,47,124
84,0,06124,Patrick Burke,172,70,102
84,0,01487,Jeff Hart,172,96,76
86,0,02279,Mark Wiebe,173,68,105
87,0,01006,John Adams,174,92,82
87,0,06522,Ernie Els,174,75,99
89,0,20099,Doug Barron,176,102,74
89,0,01682,Wayne Levi,176,133,43
91,0,01133,Billy Ray Brown,179,29,150
92,0,06315,Pete Jordan,182,72,110
93,0,01943,Chris Perry,183,146,37
94,0,06575,Dudley Hart,189,79,110
95,0,06595,Kevin Sutherland,190,135,55
96,0,01475,Donnie Hammond,191,55,136
97,0,07267,Allen Doyle,192,89,103
98,0,01353,Bruce Fleisher,194,100,94
99,0,01323,Brad Fabel,196,113,83
100,0,01249,John Daly,197,96,101
100,0,02010,Loren Roberts,197,106,91
102,0,01960,Don Pooley,198,113,85
103,0,07363,Craig Bowden,202,63,139
103,0,01533,P.H. Horgan III,202,80,122
105,0,07101,Dave Stockton Jr.,203,96,107
106,0,02135,Mike Standly,210,106,104
107,0,01374,Robin Freeman,214,106,108
108,0,01024,Billy Andrade,216,161,55
109,0,10207,Jimmy Johnston,218,95,123
110,0,01185,Brandel Chamblee,220,131,89
111,0,10837,Kevin Burton,221,72,149
112,0,01761,Len Mattiace,222,143,79
113,0,06090,Jim McGovern,228,59,169
114,0,07465,Hideki Kase,229,87,142
115,0,01306,David Edwards,235,100,135
116,0,01510,Nolan Henke,236,120,116
117,0,07749,Brett Quigley,240,131,109
118,0,02242,Lanny Wadkins,241,96,145
119,0,08553,Lee Porter,242,74,168
119,0,02226,Tray Tyner,242,122,120
121,0,12387,Michael Christie,243,90,153
122,0,12826,Paul Claxton,244,106,138
122,0,07235,John Morse,244,113,131
124,0,01717,Sandy Lyle,245,158,87
125,0,08931,Glen Day,247,67,180
125,0,01261,Jay Delsing,247,117,130
127,0,06036,Scott Dunlap,248,138,110
128,0,01891,David Ogrin,252,120,132
129,0,10569,Mike Brisky,253,135,118
129,0,08547,John Maginnes,253,103,150
131,0,02008,Lee Rinker,254,148,106
132,0,01385,Jim Gallagher Jr.,255,129,126
132,0,01887,Mark O'Meara,255,192,63
134,0,01941,Tom Pernice Jr.,266,119,147
135,0,01093,Ronnie Black,267,148,119
135,0,08385,Omar Uresti,267,167,100
137,0,01549,Mike Hulbert,268,188,80
137,0,01926,Steve Pate,268,176,92
139,0,08075,Jerry Kelly,269,142,127
139,0,10860,Justin Leonard,269,135,134
139,0,02099,Scott Simpson,269,188,81
142,0,01116,Michael Bradley,270,133,137
142,0,02166,Chip Sullivan,270,103,167
144,0,07867,Woody Austin,273,160,113
144,0,06581,David Sutherland,273,148,125
146,0,02267,D.A. Weibring,275,111,164
147,0,10505,Shane Bertsch,279,151,128
148,0,06332,Neal Lancaster,282,167,115
149,0,02206,David Toms,283,140,143
150,0,10963,Jimmy Green,293,139,154
151,0,05466,Jack O'Keefe,294,154,140
151,0,06132,Sonny Skinner,294,180,114
153,0,10213,Dicky Pride,298,143,155
154,0,06515,Shaun Micheel,300,122,178
155,0,01201,Lennie Clements,302,169,133
156,0,01040,Emlyn Aubrey,303,151,152
156,0,01864,Larry Nelson,303,117,186
158,0,01096,Phil Blackmar,304,143,161
158,0,02095,Larry Silveira,304,113,191
160,0,21007,Gabriel Hjertstedt,305,122,183
161,0,01905,Joe Ozaki,306,163,143
162,0,06144,John Dowdall,307,147,160
162,0,01307,Joel Edwards,307,186,121
164,0,01444,Ken Green,308,151,157
165,0,06034,Marco Dawson,312,129,183
166,0,06527,Steve Stricker,315,141,174
167,0,01132,Mark Brooks,318,177,141
168,0,01489,Steve Hart,320,127,193
169,0,08265,Eric Johnson,321,156,165
170,0,01196,Brian Claar,323,165,158
171,0,01288,Ed Dougherty,325,154,171
172,0,08537,J.P. Hayes,326,171,155
173,0,08339,Spike McRoy,331,165,166
173,0,02239,Scott Verplank,331,185,146
175,0,06214,Guy Boros,334,164,170
176,0,06012,Greg Kraft,336,174,162
177,0,12663,Phil Tataurangi,337,174,163
177,0,02292,Bob Wolcott,337,178,159
179,0,10875,Todd Demsey,338,156,182
180,0,07087,Hugh Royer III,339,162,177
181,0,01329,Brad Faxon,342,194,148
182,0,01928,Corey Pavin,347,171,176
183,0,01346,Ed Fiori,352,158,194
183,0,02294,Willie Wood,352,179,173
185,0,20158,Anthony Rodriguez,354,169,185
186,0,01378,David Frost,355,183,172
187,0,02007,Larry Rinker,358,183,175
188,0,02115,Taylor Smith,361,173,188
189,0,06577,John Wilson,369,190,179
190,0,07547,Craig Kanada,372,182,190
190,0,02100,Tim Simpson,372,191,181
192,0,02225,Howard Twitty,373,181,192
193,0,02131,Mike Springer,376,187,189
194,0,01011,Rafael Alarcon,380,193,187
195,0,01072,Chip Beck,390,195,195