RANK,MOVEMENT,PLAYER_ID,PLAYER,VALUE,TOTAL DRV RANK,GIR RANK
1,3,01690,Bruce Lietzke,2,1,1
2,5,02321,Fuzzy Zoeller,6,2,4
3,9,01975,Tom Purtzer,14,8,6
4,11,02170,Hal Sutton,22,20,2
5,11,01797,Rocco Mediate,25,13,12
6,11,01926,Steve Pate,27,22,5
7,14,01771,Blaine McCallister,33,10,23
8,21,01072,Chip Beck,34,20,14
8,11,06044,Scott Gump,34,18,16
10,8,02067,Ted Schulz,35,3,32
11,11,01945,Kenny Perry,38,4,34
12,13,01968,Nick Price,39,10,29
13,11,01226,Fred Couples,40,22,18
13,13,01938,David Peoples,40,31,9
15,12,01527,Scott Hoch,41,22,19
16,15,01633,Tom Kite,45,28,17
17,16,02256,Tom Watson,46,16,30
18,22,01971,Dillard Pruitt,47,37,10
19,14,01203,Russ Cochran,48,40,8
20,17,01958,Dan Pohl,49,36,13
21,16,01837,Gil Morgan,52,12,40
22,19,01313,Steve Elkington,53,15,38
23,19,01219,John Cook,56,53,3
23,9,01724,Jeff Maggert,56,5,51
25,19,01142,Bart Bryant,57,37,20
25,18,02101,Joey Sindelar,57,34,23
27,18,01887,Mark O'Meara,60,19,41
28,21,01306,David Edwards,63,48,15
29,8,01014,Fulton Allem,67,7,60
30,16,02049,Gene Sauers,68,43,25
31,23,01042,Paul Azinger,79,25,54
32,26,01060,Dave Barr,83,76,7
32,23,01550,Ed Humenik,83,25,58
34,19,01723,Andrew Magee,86,9,77
35,49,01823,Larry Mize,89,68,21
36,31,01682,Wayne Levi,91,46,45
37,18,02133,Craig Stadler,93,6,87
38,22,01599,Steve Jones,94,68,26
39,25,01783,Mark McCumber,97,45,52
40,23,02246,Duffy Waldorf,102,32,70
41,25,01385,Jim Gallagher Jr.,103,17,86
42,27,02100,Tim Simpson,104,40,64
43,30,01469,Dan Halldorson,108,80,28
44,30,01444,Ken Green,109,43,66
45,25,01098,Jay Don Blake,112,35,77
45,42,01457,Jay Haas,112,91,21
45,31,01706,Davis Love III,112,14,98
48,23,01569,Peter Jacobsen,113,80,33
49,33,01766,Billy Mayfair,115,60,55
50,27,02146,Payne Stewart,117,33,84
50,39,02167,Mike Sullivan,117,71,46
50,35,02242,Lanny Wadkins,117,49,68
53,28,06284,Jim Hallet,119,108,11
54,26,02195,Leonard Thompson,120,55,65
54,31,02214,Kirk Triplett,120,65,55
56,51,06034,Marco Dawson,122,91,31
57,45,02267,D.A. Weibring,123,73,50
58,36,01129,Bill Britton,124,76,48
59,32,02159,Curtis Strange,130,47,83
60,41,01049,Ian Baker-Finch,134,25,109
61,36,01553,John Huston,135,40,95
62,37,01388,Robert Gamez,137,30,107
62,41,02223,Bob Tway,137,84,53
64,30,01468,Gary Hallberg,139,29,110
65,32,02303,Robert Wrenn,141,65,76
66,45,02190,Doug Tewell,142,62,80
66,47,02225,Howard Twitty,142,96,46
68,44,01133,Billy Ray Brown,148,58,90
69,52,01093,Ronnie Black,149,122,27
69,49,01361,Dan Forsman,149,68,81
69,62,02099,Scott Simpson,149,87,62
72,31,06118,Greg Bruckner,151,80,71
72,43,01390,Buddy Gardner,151,84,67
72,38,02111,Mike Smith,151,94,57
75,33,01323,Brad Fabel,153,118,35
76,64,02010,Loren Roberts,154,113,41
77,42,01549,Mike Hulbert,155,111,44
78,48,01701,Bob Lohr,156,62,94
78,38,02241,Bobby Wadkins,156,53,103
80,37,01876,Greg Norman,158,37,121
81,46,01143,Brad Bryant,160,64,96
81,49,02322,Richard Zokol,160,122,38
83,39,01510,Nolan Henke,163,50,113
84,47,06332,Neal Lancaster,164,76,88
85,49,01006,John Adams,167,96,71
85,62,01725,John Mahaffey,167,130,37
87,50,01035,Tommy Armour III,168,55,113
88,57,01928,Corey Pavin,175,91,84
89,46,02135,Mike Standly,176,58,118
90,45,01577,Lee Janzen,178,50,128
91,33,01040,Emlyn Aubrey,186,118,68
91,49,01161,Mark Calcavecchia,186,55,131
93,75,01381,Fred Funk,187,71,116
94,91,01156,Curt Byrum,190,132,58
95,70,06072,Greg Whisman,192,84,108
96,42,01475,Donnie Hammond,193,89,104
97,101,02131,Mike Springer,194,159,35
98,102,01191,Barry Cheesman,195,103,92
99,80,01151,Clark Burroughs,197,154,43
100,42,01068,Andy Bean,198,87,111
101,88,01201,Lennie Clements,201,152,49
102,61,01266,Clark Dennis,202,60,142
102,69,01846,Jodie Mudd,202,109,93
104,65,01112,Charlie Bowles,206,52,154
104,65,01435,Wayne Grady,206,76,130
106,102,01996,Mike Reid,207,105,102
107,50,01331,Rick Fehr,210,67,143
108,55,01499,Mark Hayes,211,74,137
109,46,01715,Mark Lye,212,139,73
110,47,02104,Jeff Sluman,214,139,75
111,55,01200,Keith Clearwater,215,136,79
112,76,01157,Tom Byrum,216,75,141
112,102,01346,Ed Fiori,216,142,74
112,65,06048,Dicky Thompson,216,94,122
115,86,01288,Ed Dougherty,217,155,62
115,60,06571,Bryan Norton,217,83,134
117,91,01196,Brian Claar,218,89,129
117,60,01261,Jay Delsing,218,118,100
117,30,01355,Raymond Floyd,218,107,111
117,76,02090,Tom Sieckmann,218,158,60
121,77,01249,John Daly,219,96,123
121,41,01307,Joel Edwards,219,130,89
123,59,01132,Mark Brooks,227,101,126
124,81,01282,Trevor Dodds,230,139,91
124,94,01946,Peter Persons,230,133,97
126,70,01024,Billy Andrade,232,117,115
127,78,01096,Phil Blackmar,238,105,133
128,65,01414,Bob Gilder,244,124,120
129,109,01559,Hale Irwin,246,101,145
130,114,06006,JC Anderson,248,109,139
131,90,01662,Greg Ladehoff,249,148,101
132,118,02201,Jim Thorpe,250,168,82
133,83,02148,Ray Stewart,252,114,138
134,57,01185,Brandel Chamblee,253,126,127
134,122,01557,John Inman,253,128,125
136,101,01320,Bob Estes,254,148,106
136,100,06573,Brandt Jobe,254,96,158
138,135,01458,Jerry Haas,260,161,99
138,76,01607,Brian Kamm,260,136,124
140,95,02095,Larry Silveira,261,96,165
141,121,01943,Chris Perry,267,163,104
142,139,01168,David Canipe,269,103,166
143,86,06577,John Wilson,271,136,135
144,114,01639,Kenny Knox,274,155,119
144,116,02186,Brian Tennyson,274,118,156
146,118,01329,Brad Faxon,277,160,117
147,79,06575,Dudley Hart,278,128,150
148,127,01078,Jim Benepe,281,150,131
148,108,01626,Karl Kimball,281,114,167
150,124,06197,Michael Allen,284,111,173
151,140,01835,Tommy Moore,287,134,153
152,183,02224,Greg Twiggs,289,150,139
153,131,01378,David Frost,292,124,168
154,113,02292,Bob Wolcott,295,147,148
155,192,01495,Morris Hatalsky,297,114,183
155,114,01984,Sam Randolph,297,126,171
157,126,02033,Dave Rummells,303,146,157
158,132,01039,Perry Arthur,304,155,149
158,124,06090,Jim McGovern,304,153,151
160,134,02054,Ken Schall,306,170,136
161,147,02279,Mark Wiebe,307,145,162
162,140,01154,Bill Buttner,308,164,144
163,146,01106,Jim Booros,310,135,175
164,115,06140,Sean Murphy,314,143,171
165,161,02007,Larry Rinker,315,169,146
166,163,02298,Jim Woodward,319,172,147
167,187,02041,Bill Sander,323,164,159
168,173,01736,Roger Maltbie,328,164,164
169,204,02185,Lance Ten Broeck,331,176,155
170,182,06150,Carl Cooper,332,144,188
171,184,01235,Ben Crenshaw,333,172,161
172,208,02257,Brian Watts,335,183,152
173,212,02230,Stan Utley,336,167,169
174,192,01284,Mike Donald,338,178,160
175,220,02196,Robert Thompson,344,181,163
176,214,06016,Brad Lardon,345,161,184
177,227,06581,David Sutherland,346,176,170
178,212,01197,Bobby Clampett,350,172,178
179,210,06010,Brad Bell,351,171,180
179,209,02023,Clarence Rose,351,175,176
181,219,02311,Kim Young,355,178,177
182,234,01755,Dick Mast,360,178,182
182,262,01878,Andy North,360,186,174
184,242,02255,Denis Watson,363,182,181
185,295,01790,Pat McGowan,367,188,179
186,244,06579,Craig Rudolph,370,183,187
187,243,01303,Bob Eastwood,371,185,186
187,295,02294,Willie Wood,371,187,184
189,390,02239,Scott Verplank,378,189,189