YEAR,RANK,MOVEMENT,PLAYER_ID,PLAYER,VALUE,TOTAL DRV RANK,GIR RANK
2024,1,0,46046,Scottie Scheffler,5,2,3
2024,2,0,54576,Patrick Fishburn,6,5,1
2024,3,0,51696,Rico Hoey,17,1,16
2024,4,0,40026,Daniel Berger,26,14,12
2024,5,0,46340,Alex Smalley,28,9,19
2024,6,0,35310,Lanto Griffin,29,24,5
2024,7,0,27064,Jhonattan Vegas,32,26,6
2024,8,0,60067,Joe Highsmith,36,11,25
2024,9,0,52375,Doug Ghim,38,34,4
2024,10,0,34587,Chan Kim,40,22,18
2024,11,0,50095,Austin Smotherman,42,40,2
2024,11,0,32333,Kevin Tway,42,15,27
2024,13,0,32757,Patton Kizzire,47,40,7
2024,14,0,45242,Kevin Yu,50,40,10
2024,15,0,39546,Keith Mitchell,51,28,23
2024,16,0,39997,Corey Conners,54,28,26
2024,17,0,48081,Xander Schauffele,55,20,35
2024,18,0,46414,Aaron Rai,56,47,9
2024,19,0,48867,Matti Schmid,59,17,42
2024,20,0,30163,Henrik Norlander,63,55,8
2024,21,0,52372,Cameron Champ,70,3,67
2024,22,0,50484,Hayden Springer,71,23,48
2024,23,0,52513,Carson Young,72,28,44
2024,24,0,40006,Erik van Rooyen,74,36,38
2024,25,0,52955,Ludvig Åberg,77,4,73
2024,25,0,59143,Mac Meissner,77,43,34
2024,27,0,58168,Davis Thompson,80,21,59
2024,28,0,34076,Joel Dahmen,81,66,15
2024,29,0,51977,Max Greyserman,91,31,60
2024,29,0,39324,J.J. Spaun,91,75,16
2024,31,0,55893,Sam Stevens,97,66,31
2024,32,0,36871,Matt NeSmith,99,79,20
2024,33,0,29535,Brice Garnett,100,86,14
2024,33,0,48117,Kurt Kitayama,100,46,54
2024,33,0,36884,Ben Kohles,100,68,32
2024,36,0,59836,Pierceson Coody,101,43,58
2024,36,0,30911,Tommy Fleetwood,101,7,94
2024,38,0,33141,Keegan Bradley,110,15,95
2024,38,0,47988,Nick Hardy,110,88,22
2024,40,0,33204,Shane Lowry,115,17,98
2024,41,0,28252,Seamus Power,116,37,79
2024,42,0,47663,Kevin Dougherty,118,62,56
2024,42,0,51349,Nico Echavarria,118,88,30
2024,44,0,48319,Tom Whitney,119,70,49
2024,45,0,36699,Patrick Rodgers,120,82,38
2024,46,0,32791,K.H. Lee,121,34,87
2024,46,0,51890,Greyson Sigg,121,110,11
2024,48,0,34255,Joseph Bramlett,123,86,37
2024,48,0,48084,Wesley Bryan,123,82,41
2024,48,0,28775,Nate Lashley,123,88,35
2024,51,0,57362,Austin Eckroat,125,8,117
2024,51,0,51070,Vincent Norrman,125,55,70
2024,53,0,45609,Tyler Duncan,127,37,90
2024,53,0,29725,Tony Finau,127,75,52
2024,53,0,54628,Lee Hodges,127,53,74
2024,56,0,46717,Viktor Hovland,128,45,83
2024,57,0,34563,Chesson Hadley,133,70,63
2024,58,0,34021,Bud Cauley,134,113,21
2024,59,0,32070,Rafael Campos,135,69,66
2024,60,0,36799,Stephan Jaeger,136,13,123
2024,61,0,49960,Sepp Straka,139,47,92
2024,62,0,34099,Harris English,140,12,128
2024,62,0,28237,Rory McIlroy,140,6,134
2024,62,0,34046,Jordan Spieth,140,10,130
2024,65,0,25900,Lucas Glover,142,92,50
2024,65,0,46442,Maverick McNealy,142,64,78
2024,67,0,27330,Josh Teater,143,79,64
2024,68,0,36801,Mark Hubbard,145,73,72
2024,69,0,35461,Beau Hossler,147,102,45
2024,69,0,26596,Ryan Moore,147,92,55
2024,69,0,57366,Cameron Young,147,31,116
2024,72,0,51287,Ryo Hisatsune,149,126,23
2024,73,0,40115,Adam Svensson,150,59,91
2024,74,0,56630,Akshay Bhatia,151,27,124
2024,75,0,40250,Taylor Pendrith,154,57,97
2024,76,0,26476,Chez Reavie,157,107,50
2024,77,0,30926,Chris Kirk,158,25,133
2024,77,0,27214,Kevin Streelman,158,82,76
2024,77,0,50493,Justin Suh,158,62,96
2024,80,0,55182,Tom Kim,164,47,117
2024,81,0,39975,Michael Kim,165,137,28
2024,82,0,29420,Billy Horschel,166,61,105
2024,83,0,47504,Sam Burns,170,17,153
2024,84,0,54421,Garrick Higgo,172,92,80
2024,85,0,50525,Collin Morikawa,174,31,143
2024,85,0,39327,Ben Silverman,174,145,29
2024,87,0,47983,Chad Ramey,175,118,57
2024,88,0,48153,Matthieu Pavon,179,53,126
2024,88,0,51634,Sahith Theegala,179,99,80
2024,90,0,51997,Andrew Novak,180,167,13
2024,91,0,33948,Byeong Hun An,181,92,89
2024,91,0,47679,Victor Perez,181,120,61
2024,93,0,49947,Taylor Moore,183,75,108
2024,94,0,55708,Hayden Buckley,184,52,132
2024,94,0,37378,Min Woo Lee,184,47,137
2024,94,0,27349,Alex Noren,184,116,68
2024,97,0,37275,Sam Ryder,189,107,82
2024,98,0,27139,David Skinns,190,157,33
2024,99,0,28420,Ryan Brehm,192,73,119
2024,100,0,59095,Chris Gotterup,193,107,86
2024,100,0,34256,Andrew Putnam,193,140,53
2024,102,0,27129,Luke List,195,118,77
2024,103,0,60004,Jacob Bridgeman,199,135,64
2024,104,0,37455,Si Woo Kim,201,64,137
2024,105,0,24502,Adam Scott,202,92,110
2024,106,0,46113,Ryan McCormick,204,142,62
2024,107,0,29908,C.T. Pan,205,121,84
2024,107,0,31323,Gary Woodland,205,92,113
2024,109,0,40162,Justin Lower,206,163,43
2024,110,0,32366,Kevin Chappell,207,137,70
2024,110,0,55454,Carl Yuan,207,37,170
2024,112,0,54591,Ben Griffin,211,171,40
2024,113,0,56149,Wilson Furr,214,110,104
2024,114,0,51766,Wyndham Clark,215,75,140
2024,114,0,39971,Sungjae Im,215,70,145
2024,114,0,23320,Ryan Palmer,215,47,168
2024,117,0,52514,Trace Crowe,217,114,103
2024,118,0,27644,Brian Harman,219,88,131
2024,119,0,27936,Martin Laird,220,173,47
2024,120,0,48887,Matt Wallace,221,175,46
2024,121,0,45157,Cam Davis,222,59,163
2024,121,0,12716,Charley Hoffman,222,124,98
2024,123,0,32640,Troy Merritt,224,103,121
2024,124,0,40058,Zac Blair,226,124,102
2024,124,0,33486,Roger Sloan,226,133,93
2024,124,0,54783,Dylan Wu,226,152,74
2024,127,0,36326,David Lipsky,227,159,68
2024,128,0,34098,Russell Henley,229,79,150
2024,129,0,37212,Paul Barjon,230,57,173
2024,130,0,47420,Jake Knapp,234,98,136
2024,130,0,23108,Matt Kuchar,234,128,106
2024,130,0,49771,J.T. Poston,234,114,120
2024,133,0,40098,Matt Fitzpatrick,237,82,155
2024,134,0,35532,Tom Hoge,240,153,87
2024,134,0,33448,Justin Thomas,240,105,135
2024,136,0,47483,Will Zalatoris,242,101,141
2024,137,0,24024,Zach Johnson,245,130,115
2024,138,0,47347,Adam Schenk,247,103,144
2024,139,0,52374,Brandon Wu,249,164,85
2024,140,0,32367,Jorge Campillo,250,140,110
2024,140,0,51894,Vince Whaley,250,150,100
2024,142,0,38991,Alejandro Tosti,253,105,148
2024,143,0,29936,Ryan Fox,255,128,127
2024,143,0,57900,Chandler Phillips,255,116,139
2024,145,0,48699,Callum Tarren,256,149,107
2024,146,0,52215,Robert MacIntyre,260,135,125
2024,146,0,32839,Hideki Matsuyama,260,160,100
2024,148,0,28089,Jason Day,263,99,164
2024,148,0,57975,Harry Hall,263,155,108
2024,150,0,50497,Adrien Dumont de Chassart,271,157,114
2024,150,0,31646,Emiliano Grillo,271,142,129
2024,152,0,52453,Nicolai Højgaard,272,126,146
2024,153,0,22405,Justin Rose,277,110,167
2024,154,0,33399,Adam Hadwin,281,130,151
2024,155,0,59442,Parker Coody,283,161,122
2024,156,0,60767,Blaine Hale Jr.,284,142,142
2024,157,0,59866,Nick Dunlap,287,130,157
2024,158,0,33653,Thomas Detry,288,122,166
2024,159,0,52666,Sami Valimaki,292,145,147
2024,160,0,30927,Brendon Todd,293,122,171
2024,160,0,27770,Camilo Villegas,293,181,112
2024,162,0,32102,Rickie Fowler,296,147,149
2024,163,0,47995,Davis Riley,303,147,156
2024,164,0,35450,Patrick Cantlay,305,134,171
2024,165,0,25493,Nick Taylor,313,161,152
2024,166,0,50188,S.H. Kim,316,139,177
2024,167,0,33408,Tyson Alexander,319,150,169
2024,168,0,33968,Thorbjørn Olesen,322,164,158
2024,169,0,39977,Max Homa,327,168,159
2024,169,0,46441,Robby Shelton,327,174,153
2024,171,0,47993,Denny McCarthy,331,156,175
2024,172,0,27649,Brandt Snedeker,333,172,161
2024,173,0,29221,Webb Simpson,334,154,180
2024,174,0,48119,Ben Taylor,336,177,159
2024,175,0,35506,Mackenzie Hughes,341,179,162
2024,176,0,35617,Martin Trainer,344,166,178
2024,177,0,22371,Aaron Baddeley,346,181,165
2024,177,0,29478,Kevin Kisner,346,170,176
2024,179,0,34374,Erik Barnes,349,168,181
2024,180,0,47591,Eric Cole,350,176,174
2024,181,0,45522,Christiaan Bezuidenhout,357,178,179
2024,182,0,34466,Peter Malnati,362,180,182
2024,183,0,47806,Raul Pereda,365,181,184
2024,184,0,55789,Taylor Montgomery,367,184,183
2023,1,0,52955,Ludvig Åberg,4,1,3
2023,2,0,58696,Peter Kuest,7,5,2
2023,3,0,46046,Scottie Scheffler,10,9,1
2023,4,0,45242,Kevin Yu,14,10,4
2023,5,0,56762,Will Gordon,15,7,8
2023,6,0,56630,Akshay Bhatia,22,11,11
2023,7,0,35450,Patrick Cantlay,24,3,21
2023,8,0,52375,Doug Ghim,26,20,6
2023,9,0,45609,Tyler Duncan,28,19,9
2023,10,0,50525,Collin Morikawa,35,28,7
2023,11,0,46970,Jon Rahm,40,26,14
2023,12,0,52372,Cameron Champ,48,12,36
2023,13,0,25900,Lucas Glover,49,35,14
2023,14,0,55182,Tom Kim,50,21,29
2023,14,0,58168,Davis Thompson,50,16,34
2023,16,0,39324,J.J. Spaun,53,41,12
2023,17,0,55708,Hayden Buckley,58,8,50
2023,18,0,57366,Cameron Young,60,15,45
2023,19,0,51414,Brent Grant,65,4,61
2023,20,0,46414,Aaron Rai,67,42,25
2023,21,0,51070,Vincent Norrman,68,24,44
2023,21,0,48867,Matti Schmid,68,13,55
2023,23,0,39997,Corey Conners,72,53,19
2023,24,0,35310,Lanto Griffin,73,17,56
2023,25,0,46717,Viktor Hovland,74,5,69
2023,26,0,29725,Tony Finau,76,36,40
2023,27,0,52513,Carson Young,77,50,27
2023,28,0,36799,Stephan Jaeger,79,63,16
2023,29,0,31577,Tano Goya,80,31,49
2023,30,0,34098,Russell Henley,81,52,29
2023,31,0,27129,Luke List,82,72,10
2023,32,0,39546,Keith Mitchell,85,2,83
2023,33,0,47988,Nick Hardy,89,49,40
2023,34,0,49960,Sepp Straka,91,25,66
2023,35,0,49453,Trevor Cone,92,68,24
2023,36,0,32448,James Hahn,93,29,64
2023,37,0,40250,Taylor Pendrith,96,68,28
2023,37,0,31323,Gary Woodland,96,22,74
2023,39,0,27936,Martin Laird,99,74,25
2023,40,0,26596,Ryan Moore,106,74,32
2023,41,0,32102,Rickie Fowler,107,36,71
2023,42,0,57362,Austin Eckroat,111,17,94
2023,43,0,32816,Satoshi Kodaira,112,73,39
2023,44,0,46340,Alex Smalley,113,78,35
2023,45,0,36871,Matt NeSmith,114,83,31
2023,45,0,23320,Ryan Palmer,114,38,76
2023,47,0,49298,Kramer Hickok,116,63,53
2023,48,0,36724,Augusto Núñez,119,61,58
2023,49,0,31646,Emiliano Grillo,120,47,73
2023,50,0,29908,C.T. Pan,122,109,13
2023,51,0,39975,Michael Kim,123,53,70
2023,52,0,19803,Ryan Armour,127,84,43
2023,52,0,54783,Dylan Wu,127,109,18
2023,54,0,39067,MJ Daffue,129,29,100
2023,55,0,29535,Brice Garnett,131,114,17
2023,56,0,28089,Jason Day,132,22,110
2023,56,0,40006,Erik van Rooyen,132,70,62
2023,58,0,40115,Adam Svensson,134,60,74
2023,59,0,51766,Wyndham Clark,136,55,81
2023,59,0,28775,Nate Lashley,136,114,22
2023,59,0,28237,Rory McIlroy,136,57,79
2023,62,0,52453,Nicolai Hojgaard,137,91,46
2023,63,0,32791,K.H. Lee,140,86,54
2023,64,0,33204,Shane Lowry,141,14,127
2023,65,0,27644,Brian Harman,142,57,85
2023,66,0,39977,Max Homa,145,39,106
2023,67,0,45157,Cam Davis,146,66,80
2023,68,0,54421,Garrick Higgo,148,44,104
2023,69,0,33141,Keegan Bradley,150,51,99
2023,70,0,39335,Kevin Roy,152,93,59
2023,71,0,55893,Sam Stevens,153,61,92
2023,72,0,50095,Austin Smotherman,155,34,121
2023,73,0,34363,Tyrrell Hatton,157,33,124
2023,73,0,26476,Chez Reavie,157,101,56
2023,73,0,53165,Doc Redman,157,137,20
2023,76,0,33399,Adam Hadwin,160,74,86
2023,76,0,12716,Charley Hoffman,160,98,62
2023,76,0,34256,Andrew Putnam,160,137,23
2023,79,0,48081,Xander Schauffele,161,101,60
2023,80,0,37455,Si Woo Kim,162,27,135
2023,81,0,39954,Cody Gribble,163,74,89
2023,82,0,33122,Russell Knox,164,159,5
2023,82,0,50493,Justin Suh,164,39,125
2023,82,0,52374,Brandon Wu,164,114,50
2023,85,0,34255,Joseph Bramlett,165,101,64
2023,85,0,39971,Sungjae Im,165,46,119
2023,87,0,51890,Greyson Sigg,166,128,38
2023,88,0,22056,Cameron Percy,167,134,33
2023,89,0,23108,Matt Kuchar,173,95,78
2023,90,0,34076,Joel Dahmen,175,78,97
2023,91,0,47995,Davis Riley,176,44,132
2023,92,0,31557,Jim Herman,177,86,91
2023,93,0,49771,J.T. Poston,181,134,47
2023,94,0,35461,Beau Hossler,183,78,105
2023,95,0,34563,Chesson Hadley,187,150,37
2023,96,0,33413,Ben Martin,188,121,67
2023,97,0,30163,Henrik Norlander,189,149,40
2023,97,0,48699,Callum Tarren,189,105,84
2023,99,0,47347,Adam Schenk,191,109,82
2023,100,0,30911,Tommy Fleetwood,197,31,166
2023,100,0,35879,Kelly Kraft,197,96,101
2023,100,0,35449,Adam Long,197,71,126
2023,103,0,32333,Kevin Tway,204,128,76
2023,104,0,33653,Thomas Detry,206,55,151
2023,105,0,55454,Carl Yuan,209,114,95
2023,106,0,25686,Jason Dufner,211,159,52
2023,107,0,36326,David Lipsky,214,124,90
2023,108,0,40058,Zac Blair,215,96,119
2023,109,0,24502,Adam Scott,216,78,138
2023,110,0,32640,Troy Merritt,217,67,150
2023,111,0,47504,Sam Burns,221,43,178
2023,112,0,24024,Zach Johnson,224,86,138
2023,112,0,52411,Kyle Westmoreland,224,106,118
2023,114,0,30927,Brendon Todd,227,98,129
2023,115,0,29221,Webb Simpson,228,47,181
2023,116,0,27963,Chris Stroud,229,181,48
2023,117,0,32366,Kevin Chappell,230,158,72
2023,118,0,54628,Lee Hodges,231,84,147
2023,118,0,29420,Billy Horschel,231,57,174
2023,120,0,33448,Justin Thomas,232,91,141
2023,121,0,47993,Denny McCarthy,234,132,102
2023,121,0,22405,Justin Rose,234,98,136
2023,123,0,30926,Chris Kirk,235,124,111
2023,124,0,36801,Mark Hubbard,236,168,68
2023,125,0,51997,Andrew Novak,237,139,98
2023,126,0,32757,Patton Kizzire,239,128,111
2023,127,0,49766,Hank Lebioda,241,154,87
2023,128,0,36699,Patrick Rodgers,244,101,143
2023,129,0,27554,Scott Harrington,246,124,122
2023,129,0,50188,S.H. Kim,246,63,183
2023,131,0,51349,Nico Echavarria,247,106,141
2023,132,0,33948,Byeong Hun An,249,78,171
2023,132,0,24140,Sean O'Hair,249,134,115
2023,134,0,37338,Zecheng Dou,251,164,87
2023,134,0,34099,Harris English,251,86,165
2023,136,0,32839,Hideki Matsuyama,253,147,106
2023,137,0,27214,Kevin Streelman,255,141,114
2023,138,0,35532,Tom Hoge,258,165,93
2023,139,0,49947,Taylor Moore,260,90,170
2023,140,0,40098,Matt Fitzpatrick,262,106,156
2023,140,0,51491,Brandon Matthews,262,94,168
2023,140,0,28252,Seamus Power,262,113,149
2023,140,0,47983,Chad Ramey,262,154,108
2023,144,0,31202,William McGirt,265,128,137
2023,145,0,47079,Harrison Endycott,268,140,128
2023,146,0,54591,Ben Griffin,269,166,103
2023,147,0,35901,Paul Haley II,275,114,161
2023,148,0,29289,S.Y. Noh,280,169,111
2023,149,0,20229,Stewart Cink,281,150,131
2023,150,0,30692,Scott Stallings,285,152,133
2023,151,0,46435,Austin Cook,286,132,154
2023,152,0,40162,Justin Lower,287,172,115
2023,153,0,27974,Sung Kang,289,193,96
2023,154,0,34610,Matthias Schwab,290,145,145
2023,155,0,46601,Trey Mullinax,294,114,180
2023,155,0,34431,Robert Streb,294,177,117
2023,157,0,34046,Jordan Spieth,296,121,175
2023,158,0,37275,Sam Ryder,297,188,109
2023,158,0,35617,Martin Trainer,297,144,153
2023,160,0,34409,David Lingmerth,301,109,192
2023,160,0,27349,Alex Noren,301,171,130
2023,162,0,57975,Harry Hall,302,180,122
2023,163,0,33410,Andrew Landry,303,127,176
2023,164,0,59018,Ryan Gerard,304,146,158
2023,165,0,47128,Richy Werenski,309,121,188
2023,166,0,39058,Lucas Herbert,310,120,190
2023,167,0,51634,Sahith Theegala,311,152,159
2023,168,0,28420,Ryan Brehm,314,147,167
2023,169,0,25632,Jimmy Walker,315,142,173
2023,170,0,47591,Eric Cole,321,187,134
2023,170,0,35506,Mackenzie Hughes,321,177,144
2023,172,0,48887,Matt Wallace,323,159,164
2023,173,0,45522,Christiaan Bezuidenhout,324,167,157
2023,173,0,46441,Robby Shelton,324,176,148
2023,175,0,25818,Scott Piercy,325,170,155
2023,176,0,24925,Jonathan Byrd,326,174,152
2023,177,0,25493,Nick Taylor,327,182,145
2023,178,0,22371,Aaron Baddeley,330,190,140
2023,179,0,31560,Brian Stuard,331,142,189
2023,180,0,32662,Michael Gligic,332,163,169
2023,181,0,58967,Trevor Werbylo,334,162,172
2023,182,0,33597,Harry Higgs,335,172,163
2023,183,0,48119,Ben Taylor,336,174,162
2023,184,0,48117,Kurt Kitayama,338,154,184
2023,185,0,55789,Taylor Montgomery,340,154,186
2023,186,0,48084,Wesley Bryan,342,182,160
2023,187,0,46442,Maverick McNealy,362,177,185
2023,188,0,33408,Tyson Alexander,363,186,177
2023,189,0,51950,Max McGreevy,364,185,179
2023,190,0,27095,Nick Watney,373,192,181
2023,191,0,29970,Dylan Frittelli,375,182,193
2023,192,0,34466,Peter Malnati,378,191,187
2023,193,0,32139,Danny Willett,380,189,191
2022,1,0,46970,Jon Rahm,4,1,3
2022,2,0,39997,Corey Conners,6,4,2
2022,3,0,39971,Sungjae Im,13,4,9
2022,4,0,48081,Xander Schauffele,14,3,11
2022,4,0,46046,Scottie Scheffler,14,13,1
2022,6,0,34098,Russell Henley,21,14,7
2022,7,0,55708,Hayden Buckley,25,10,15
2022,8,0,29518,Brendan Steele,33,17,16
2022,9,0,28237,Rory McIlroy,35,23,12
2022,10,0,21961,Charles Howell III,37,31,6
2022,11,0,27936,Martin Laird,39,15,24
2022,11,0,50525,Collin Morikawa,39,9,30
2022,13,0,46402,Talor Gooch,41,25,16
2022,14,0,35450,Patrick Cantlay,43,25,18
2022,14,0,50095,Austin Smotherman,43,11,32
2022,16,0,40250,Taylor Pendrith,48,38,10
2022,17,0,31646,Emiliano Grillo,54,6,48
2022,18,0,25900,Lucas Glover,57,20,37
2022,19,0,29725,Tony Finau,59,54,5
2022,19,0,39546,Keith Mitchell,59,2,57
2022,21,0,33122,Russell Knox,60,56,4
2022,22,0,47529,Mito Pereira,64,50,14
2022,23,0,46414,Aaron Rai,65,42,23
2022,23,0,49964,Aaron Wise,65,44,21
2022,25,0,47483,Will Zalatoris,67,59,8
2022,26,0,46340,Alex Smalley,72,35,37
2022,27,0,33204,Shane Lowry,74,24,50
2022,28,0,36871,Matthew NeSmith,76,45,31
2022,29,0,54628,Lee Hodges,79,59,20
2022,29,0,29420,Billy Horschel,79,38,41
2022,29,0,28252,Seamus Power,79,52,27
2022,32,0,46717,Viktor Hovland,81,7,74
2022,33,0,27129,Luke List,82,69,13
2022,33,0,49947,Taylor Moore,82,43,39
2022,35,0,47995,Davis Riley,83,8,75
2022,36,0,20229,Stewart Cink,86,47,39
2022,37,0,40098,Matt Fitzpatrick,93,15,78
2022,38,0,52372,Cameron Champ,94,25,69
2022,38,0,45609,Tyler Duncan,94,40,54
2022,40,0,45526,Abraham Ancer,95,18,77
2022,40,0,32839,Hideki Matsuyama,95,59,36
2022,42,0,36326,David Lipsky,97,53,44
2022,43,0,33399,Adam Hadwin,101,49,52
2022,44,0,45540,Jared Wolfe,102,73,29
2022,45,0,34255,Joseph Bramlett,103,81,22
2022,46,0,27064,Jhonattan Vegas,104,59,45
2022,47,0,47504,Sam Burns,109,83,26
2022,47,0,33448,Justin Thomas,109,75,34
2022,49,0,34076,Joel Dahmen,113,63,50
2022,49,0,34264,Hudson Swafford,113,30,83
2022,51,0,47988,Nick Hardy,115,90,25
2022,52,0,45486,Joaquin Niemann,118,70,48
2022,53,0,31557,Jim Herman,119,63,56
2022,54,0,29535,Brice Garnett,120,54,66
2022,54,0,47856,Seth Reeves,120,20,100
2022,56,0,24502,Adam Scott,125,70,55
2022,56,0,27214,Kevin Streelman,125,31,94
2022,58,0,48822,Sebastián Muñoz,126,31,95
2022,59,0,52374,Brandon Wu,127,108,19
2022,60,0,30926,Chris Kirk,133,28,105
2022,61,0,28775,Nate Lashley,134,81,53
2022,62,0,51890,Greyson Sigg,142,96,46
2022,63,0,33141,Keegan Bradley,143,40,103
2022,64,0,27644,Brian Harman,144,73,71
2022,64,0,30944,Jason Kokrak,144,11,133
2022,66,0,19803,Ryan Armour,145,87,58
2022,66,0,39977,Max Homa,145,35,110
2022,68,0,46442,Maverick McNealy,147,66,81
2022,69,0,32791,K.H. Lee,148,34,114
2022,70,0,34046,Jordan Spieth,149,87,62
2022,71,0,37455,Si Woo Kim,150,28,122
2022,72,0,52375,Doug Ghim,151,56,95
2022,72,0,46601,Trey Mullinax,151,66,85
2022,74,0,39324,J.J. Spaun,152,80,72
2022,75,0,40115,Adam Svensson,155,94,61
2022,76,0,32816,Satoshi Kodaira,156,83,73
2022,76,0,31323,Gary Woodland,156,50,106
2022,78,0,49960,Sepp Straka,159,70,89
2022,79,0,32448,James Hahn,160,45,115
2022,80,0,37212,Paul Barjon,162,37,125
2022,80,0,34174,John Huh,162,83,79
2022,80,0,57366,Cameron Young,162,19,143
2022,83,0,29478,Kevin Kisner,167,101,66
2022,84,0,49298,Kramer Hickok,168,56,112
2022,84,0,35449,Adam Long,168,102,66
2022,86,0,29908,C.T. Pan,170,78,92
2022,86,0,29221,Webb Simpson,170,20,150
2022,88,0,48699,Callum Tarren,173,97,76
2022,89,0,36699,Patrick Rodgers,174,133,41
2022,90,0,33419,Cameron Tringale,179,119,60
2022,91,0,32662,Michael Gligic,183,118,65
2022,91,0,36801,Mark Hubbard,183,148,35
2022,93,0,35532,Tom Hoge,184,83,101
2022,94,0,30163,Henrik Norlander,186,143,43
2022,95,0,26476,Chez Reavie,188,97,91
2022,96,0,23320,Ryan Palmer,191,108,83
2022,97,0,24980,Scott Gutschewski,194,161,33
2022,98,0,23325,Vaughn Taylor,196,108,88
2022,99,0,35891,Cameron Smith,198,151,47
2022,100,0,48887,Matt Wallace,200,89,111
2022,101,0,34610,Matthias Schwab,202,174,28
2022,102,0,26851,Marc Leishman,204,105,99
2022,103,0,51766,Wyndham Clark,209,75,134
2022,104,0,31420,Anirban Lahiri,210,66,144
2022,105,0,28089,Jason Day,211,65,146
2022,106,0,49771,J.T. Poston,215,130,85
2022,107,0,40006,Erik van Rooyen,216,77,139
2022,108,0,32366,Kevin Chappell,217,119,98
2022,109,0,45157,Cam Davis,222,90,132
2022,109,0,53165,Doc Redman,222,158,64
2022,111,0,48117,Kurt Kitayama,224,108,116
2022,111,0,40162,Justin Lower,224,161,63
2022,113,0,34256,Andrew Putnam,228,139,89
2022,114,0,30911,Tommy Fleetwood,230,112,118
2022,115,0,22056,Cameron Percy,233,152,81
2022,116,0,32102,Rickie Fowler,234,48,186
2022,116,0,22405,Justin Rose,234,92,142
2022,116,0,37189,Harold Varner III,234,141,93
2022,119,0,47983,Chad Ramey,235,122,113
2022,120,0,31560,Brian Stuard,238,97,141
2022,121,0,36884,Ben Kohles,239,180,59
2022,122,0,30978,Kiradech Aphibarnrat,240,78,162
2022,123,0,45522,Christiaan Bezuidenhout,244,137,107
2022,124,0,47993,Denny McCarthy,245,114,131
2022,124,0,30927,Brendon Todd,245,105,140
2022,126,0,49766,Hank Lebioda,246,126,120
2022,126,0,32139,Danny Willett,246,94,152
2022,128,0,51634,Sahith Theegala,248,153,95
2022,129,0,54783,Dylan Wu,251,164,87
2022,130,0,39953,Chase Seiffert,252,143,109
2022,131,0,35310,Lanto Griffin,253,127,126
2022,132,0,27095,Nick Watney,256,176,80
2022,133,0,26300,Matt Jones,257,134,123
2022,134,0,29289,S.Y. Noh,259,189,70
2022,135,0,24925,Jonathan Byrd,261,158,103
2022,135,0,27974,Sung Kang,261,154,107
2022,137,0,12716,Charley Hoffman,263,128,135
2022,137,0,32757,Patton Kizzire,263,139,124
2022,137,0,27649,Brandt Snedeker,263,161,102
2022,140,0,30692,Scott Stallings,265,137,128
2022,141,0,32333,Kevin Tway,267,122,145
2022,142,0,34431,Robert Streb,268,114,154
2022,143,0,35879,Kelly Kraft,270,97,173
2022,144,0,29974,Branden Grace,271,142,129
2022,144,0,54421,Garrick Higgo,271,105,166
2022,144,0,36689,Brooks Koepka,271,93,178
2022,147,0,32150,Michael Thompson,272,114,158
2022,148,0,46435,Austin Cook,280,119,161
2022,149,0,33490,Bo Hoag,283,156,127
2022,149,0,47347,Adam Schenk,283,130,153
2022,151,0,27349,Alex Noren,284,167,117
2022,152,0,24138,Ian Poulter,287,102,185
2022,153,0,34563,Chesson Hadley,288,158,130
2022,153,0,37275,Sam Ryder,288,169,119
2022,155,0,56278,Matthew Wolff,289,102,187
2022,156,0,32640,Troy Merritt,290,114,176
2022,157,0,28114,Dawie van der Walt,293,128,165
2022,158,0,46550,Brandon Hagy,296,112,184
2022,158,0,35461,Beau Hossler,296,125,171
2022,160,0,24024,Zach Johnson,297,146,151
2022,161,0,10381,Curtis Thompson,301,122,179
2022,162,0,34363,Tyrrell Hatton,302,143,159
2022,162,0,51950,Max McGreevy,302,134,168
2022,164,0,33667,Carlos Ortiz,305,130,175
2022,164,0,25493,Nick Taylor,305,169,136
2022,166,0,25198,Francesco Molinari,308,134,174
2022,167,0,23108,Matt Kuchar,310,146,164
2022,167,0,27770,Camilo Villegas,310,189,121
2022,169,0,24924,Bill Haas,314,167,147
2022,170,0,51997,Andrew Novak,316,178,138
2022,171,0,35617,Martin Trainer,318,148,170
2022,172,0,29970,Dylan Frittelli,320,171,149
2022,173,0,23983,Luke Donald,330,193,137
2022,174,0,35110,Brett Drewitt,332,184,148
2022,175,0,23621,Rory Sabbatini,333,171,162
2022,176,0,25686,Jason Dufner,337,180,157
2022,177,0,27139,David Skinns,338,179,159
2022,178,0,34466,Peter Malnati,340,185,155
2022,179,0,33486,Roger Sloan,342,173,169
2022,179,0,51894,Vince Whaley,342,176,166
2022,181,0,39058,Lucas Herbert,343,150,193
2022,182,0,39436,Joshua Creel,345,154,191
2022,182,0,33597,Harry Higgs,345,156,189
2022,182,0,35506,Mackenzie Hughes,345,165,180
2022,185,0,24361,Pat Perez,347,191,156
2022,186,0,36852,Jim Knous,351,174,177
2022,187,0,27895,Jonas Blixt,358,166,192
2022,188,0,36799,Stephan Jaeger,360,188,172
2022,189,0,25818,Scott Piercy,365,182,183
2022,190,0,34360,Patrick Reed,367,185,182
2022,191,0,47128,Richy Werenski,368,187,181
2022,192,0,29926,Danny Lee,370,182,188
2022,193,0,48084,Wesley Bryan,382,192,190
2021,1,0,46970,Jon Rahm,3,1,2
2021,2,0,50525,Collin Morikawa,15,10,5
2021,3,0,21209,Sergio Garcia,16,5,11
2021,4,0,33141,Keegan Bradley,17,5,12
2021,5,0,31646,Emiliano Grillo,20,17,3
2021,6,0,39997,Corey Conners,21,8,13
2021,7,0,27936,Martin Laird,26,8,18
2021,8,0,40026,Daniel Berger,27,20,7
2021,9,0,39971,Sungjae Im,31,4,27
2021,10,0,36871,Matthew NeSmith,37,33,4
2021,11,0,30944,Jason Kokrak,38,14,24
2021,12,0,25364,Paul Casey,39,10,29
2021,13,0,46717,Viktor Hovland,41,7,34
2021,14,0,52375,Doug Ghim,42,26,16
2021,15,0,35450,Patrick Cantlay,43,33,10
2021,15,0,32448,James Hahn,43,13,30
2021,17,0,30163,Henrik Norlander,45,20,25
2021,18,0,46046,Scottie Scheffler,47,2,45
2021,19,0,27214,Kevin Streelman,48,25,23
2021,20,0,45486,Joaquin Niemann,53,18,35
2021,20,0,34264,Hudson Swafford,53,3,50
2021,22,0,49964,Aaron Wise,59,50,9
2021,23,0,48081,Xander Schauffele,61,28,33
2021,24,0,29221,Webb Simpson,64,43,21
2021,25,0,45526,Abraham Ancer,68,46,22
2021,26,0,30110,Kyle Stanley,73,59,14
2021,27,0,27064,Jhonattan Vegas,77,47,30
2021,28,0,48045,Michael Gellerman,80,75,5
2021,29,0,34255,Joseph Bramlett,81,53,28
2021,30,0,25804,Bubba Watson,82,33,49
2021,31,0,32839,Hideki Matsuyama,88,19,69
2021,31,0,24140,Sean O'Hair,88,40,48
2021,33,0,47504,Sam Burns,92,40,52
2021,33,0,33122,Russell Knox,92,84,8
2021,35,0,26329,Louis Oosthuizen,95,38,57
2021,36,0,49298,Kramer Hickok,96,50,46
2021,36,0,47483,Will Zalatoris,96,79,17
2021,38,0,30925,Dustin Johnson,99,20,79
2021,39,0,36689,Brooks Koepka,100,53,47
2021,40,0,33204,Shane Lowry,101,63,38
2021,41,0,20229,Stewart Cink,102,84,18
2021,41,0,33667,Carlos Ortiz,102,33,69
2021,43,0,52372,Cameron Champ,106,15,91
2021,43,0,29535,Brice Garnett,106,63,43
2021,43,0,27129,Luke List,106,70,36
2021,46,0,34098,Russell Henley,107,89,18
2021,46,0,47347,Adam Schenk,107,48,59
2021,48,0,34099,Harris English,110,10,100
2021,48,0,12716,Charley Hoffman,110,59,51
2021,50,0,37189,Harold Varner III,111,57,54
2021,51,0,37275,Sam Ryder,114,70,44
2021,52,0,28089,Jason Day,116,37,79
2021,53,0,29268,Bronson Burgoon,120,83,37
2021,54,0,48822,Sebastián Muñoz,123,44,79
2021,55,0,28252,Seamus Power,124,84,40
2021,56,0,28237,Rory McIlroy,125,26,99
2021,57,0,47959,Bryson DeChambeau,126,63,63
2021,58,0,31557,Jim Herman,128,49,79
2021,58,0,29420,Billy Horschel,128,42,86
2021,60,0,56762,Will Gordon,129,69,60
2021,61,0,33413,Ben Martin,131,52,79
2021,62,0,25900,Lucas Glover,133,56,77
2021,62,0,27330,Josh Teater,133,61,72
2021,62,0,33419,Cameron Tringale,133,75,58
2021,65,0,33486,Roger Sloan,137,105,32
2021,66,0,23320,Ryan Palmer,141,31,110
2021,67,0,32757,Patton Kizzire,147,92,55
2021,67,0,53165,Doc Redman,147,53,94
2021,69,0,26331,Charl Schwartzel,152,78,74
2021,70,0,33490,Bo Hoag,153,138,15
2021,70,0,29518,Brendan Steele,153,38,115
2021,72,0,21961,Charles Howell III,154,92,62
2021,72,0,49960,Sepp Straka,154,79,75
2021,74,0,37455,Si Woo Kim,155,58,97
2021,74,0,46442,Maverick McNealy,155,70,85
2021,76,0,49766,Hank Lebioda,158,132,26
2021,77,0,46402,Talor Gooch,159,63,96
2021,78,0,40042,Tyler McCumber,161,28,133
2021,79,0,26476,Chez Reavie,162,98,64
2021,80,0,22056,Cameron Percy,164,163,1
2021,80,0,40006,Erik van Rooyen,164,16,148
2021,82,0,34076,Joel Dahmen,165,44,121
2021,83,0,25493,Nick Taylor,168,63,105
2021,84,0,39324,J.J. Spaun,169,109,60
2021,85,0,28420,Ryan Brehm,170,114,56
2021,86,0,40098,Matt Fitzpatrick,171,24,147
2021,87,0,19803,Ryan Armour,172,101,71
2021,88,0,29725,Tony Finau,173,107,66
2021,89,0,30926,Chris Kirk,175,137,38
2021,90,0,33404,Chris Baker,176,75,101
2021,91,0,34363,Tyrrell Hatton,178,20,158
2021,92,0,30692,Scott Stallings,180,140,40
2021,93,0,32791,K.H. Lee,181,31,150
2021,94,0,33448,Justin Thomas,185,133,52
2021,95,0,31560,Brian Stuard,186,109,77
2021,96,0,39953,Chase Seiffert,190,114,76
2021,97,0,22405,Justin Rose,191,98,93
2021,98,0,36699,Patrick Rodgers,194,128,66
2021,99,0,32333,Kevin Tway,195,130,65
2021,100,0,45157,Cam Davis,199,79,120
2021,100,0,32150,Michael Thompson,199,89,110
2021,102,0,27554,Scott Harrington,202,28,174
2021,103,0,32662,Michael Gligic,203,119,84
2021,104,0,25818,Scott Piercy,204,98,106
2021,105,0,33120,Mark Anderson,206,164,42
2021,106,0,29908,C.T. Pan,209,114,95
2021,107,0,27644,Brian Harman,210,61,149
2021,107,0,39546,Keith Mitchell,210,73,137
2021,109,0,29478,Kevin Kisner,211,84,127
2021,110,0,26758,David Hearn,212,125,87
2021,111,0,32816,Satoshi Kodaira,217,95,122
2021,112,0,35104,Tom Lewis,221,112,109
2021,113,0,45609,Tyler Duncan,223,73,150
2021,114,0,34174,John Huh,226,114,112
2021,114,0,20396,Lee Westwood,226,95,131
2021,116,0,56278,Matthew Wolff,229,101,128
2021,117,0,35891,Cameron Smith,233,130,103
2021,118,0,25686,Jason Dufner,234,142,92
2021,118,0,26300,Matt Jones,234,133,101
2021,120,0,30927,Brendon Todd,236,107,129
2021,121,0,35461,Beau Hossler,237,119,118
2021,122,0,24024,Zach Johnson,238,165,73
2021,122,0,47993,Denny McCarthy,238,84,154
2021,122,0,24361,Pat Perez,238,150,88
2021,125,0,29479,Scott Brown,240,105,135
2021,125,0,39977,Max Homa,240,82,158
2021,127,0,35310,Lanto Griffin,242,118,124
2021,127,0,24502,Adam Scott,242,125,117
2021,129,0,29926,Danny Lee,243,112,131
2021,130,0,32102,Rickie Fowler,245,89,156
2021,131,0,30911,Tommy Fleetwood,246,101,145
2021,132,0,35658,Kris Ventura,249,63,186
2021,133,0,33410,Andrew Landry,250,92,158
2021,134,0,23108,Matt Kuchar,257,143,114
2021,135,0,36801,Mark Hubbard,259,133,126
2021,136,0,23983,Luke Donald,263,195,68
2021,136,0,28775,Nate Lashley,263,150,113
2021,138,0,48887,Matt Wallace,266,109,157
2021,138,0,31323,Gary Woodland,266,95,171
2021,140,0,35449,Adam Long,269,101,168
2021,141,0,24924,Bill Haas,270,173,97
2021,141,0,34256,Andrew Putnam,270,180,90
2021,143,0,48119,Ben Taylor,272,183,89
2021,143,0,23325,Vaughn Taylor,272,138,134
2021,145,0,26851,Marc Leishman,273,170,103
2021,146,0,46435,Austin Cook,275,133,142
2021,147,0,29970,Dylan Frittelli,278,125,153
2021,148,0,25396,Kevin Na,280,128,152
2021,148,0,23623,Bo Van Pelt,280,155,125
2021,150,0,51766,Wyndham Clark,287,122,165
2021,150,0,31420,Anirban Lahiri,287,150,137
2021,152,0,32070,Rafael Campos,288,124,164
2021,153,0,46550,Brandon Hagy,291,122,169
2021,153,0,27095,Nick Watney,291,172,119
2021,155,0,27770,Camilo Villegas,292,185,107
2021,156,0,23788,D.J. Trahan,293,185,108
2021,157,0,51894,Vince Whaley,296,173,123
2021,158,0,33399,Adam Hadwin,299,119,180
2021,159,0,35230,Nelson Ledesma,300,184,116
2021,160,0,32640,Troy Merritt,303,167,136
2021,160,0,23621,Rory Sabbatini,303,173,130
2021,162,0,27649,Brandt Snedeker,304,161,143
2021,163,0,34046,Jordan Spieth,306,167,139
2021,164,0,47128,Richy Werenski,307,146,161
2021,165,0,34563,Chesson Hadley,308,169,139
2021,166,0,33597,Harry Higgs,312,149,163
2021,166,0,27349,Alex Noren,312,145,167
2021,168,0,34431,Robert Streb,318,177,141
2021,169,0,35506,Mackenzie Hughes,321,176,145
2021,170,0,24357,K.J. Choi,322,150,172
2021,170,0,49771,J.T. Poston,322,140,182
2021,172,0,34213,Grayson Murray,323,146,177
2021,172,0,27942,Rob Oppenheim,323,161,162
2021,174,0,33948,Byeong Hun An,325,159,166
2021,175,0,1810,Phil Mickelson,326,157,169
2021,176,0,34360,Patrick Reed,328,144,184
2021,177,0,26499,Rafa Cabrera Bello,330,155,175
2021,177,0,35532,Tom Hoge,330,154,176
2021,179,0,29974,Branden Grace,332,188,144
2021,180,0,24138,Ian Poulter,336,146,190
2021,181,0,22371,Aaron Baddeley,345,190,155
2021,182,0,32139,Danny Willett,349,157,192
2021,183,0,35617,Martin Trainer,355,159,196
2021,184,0,27141,J.B. Holmes,358,165,193
2021,185,0,34314,Sebastian Cappelen,360,171,189
2021,185,0,32254,Xinjun Zhang,360,179,181
2021,187,0,28679,Fabián Gómez,363,181,182
2021,188,0,34466,Peter Malnati,365,192,173
2021,189,0,27556,Ted Potter Jr.,371,193,178
2021,190,0,24781,Hunter Mahan,372,177,195
2021,190,0,46441,Robby Shelton,372,185,187
2021,192,0,32618,Rhein Gibson,374,196,178
2021,193,0,27974,Sung Kang,376,191,185
2021,193,0,25632,Jimmy Walker,376,182,194
2021,195,0,19846,Brian Gay,379,188,191
2021,196,0,39975,Michael Kim,382,194,188
2020,1,0,39997,Corey Conners,14,8,6
2020,2,0,25364,Paul Casey,15,1,14
2020,3,0,46970,Jon Rahm,20,2,18
2020,4,2,27936,Martin Laird,21,5,16
2020,4,2,53165,Doc Redman,21,9,12
2020,6,-2,27064,Jhonattan Vegas,22,3,19
2020,7,1,48081,Xander Schauffele,25,15,10
2020,7,-3,29221,Webb Simpson,25,14,11
2020,9,0,37189,Harold Varner III,30,15,15
2020,10,0,31646,Emiliano Grillo,36,29,7
2020,11,2,34563,Chesson Hadley,41,21,20
2020,11,0,27330,Josh Teater,41,34,7
2020,13,-2,34099,Harris English,43,34,9
2020,14,2,46046,Scottie Scheffler,50,7,43
2020,15,1,56762,Will Gordon,53,49,4
2020,15,4,47347,Adam Schenk,53,11,42
2020,17,1,25900,Lucas Glover,54,4,50
2020,17,-2,30163,Henrik Norlander,54,41,13
2020,19,-5,30925,Dustin Johnson,55,15,40
2020,20,1,50525,Collin Morikawa,59,15,44
2020,20,-1,49964,Aaron Wise,59,56,3
2020,22,0,34363,Tyrrell Hatton,62,24,38
2020,23,1,21209,Sergio Garcia,73,13,60
2020,24,-2,45157,Cam Davis,75,34,41
2020,25,14,46717,Viktor Hovland,76,22,54
2020,26,-1,30110,Kyle Stanley,79,77,2
2020,26,2,23788,D.J. Trahan,79,15,64
2020,28,-3,36871,Matthew NeSmith,81,59,22
2020,29,-1,28252,Seamus Power,83,49,34
2020,30,1,52375,Doug Ghim,84,52,32
2020,31,-4,33404,Chris Baker,86,62,24
2020,32,3,47959,Bryson DeChambeau,87,32,55
2020,32,-4,34098,Russell Henley,87,82,5
2020,34,-1,27129,Luke List,88,55,33
2020,34,-2,31323,Gary Woodland,88,23,65
2020,36,-3,30944,Jason Kokrak,89,38,51
2020,37,-2,33204,Shane Lowry,91,57,34
2020,38,-3,33490,Bo Hoag,93,67,26
2020,38,-3,33122,Russell Knox,93,70,23
2020,40,1,30911,Tommy Fleetwood,95,6,89
2020,40,2,10809,Jim Furyk,95,94,1
2020,42,2,29518,Brendan Steele,100,34,66
2020,43,2,35450,Patrick Cantlay,102,45,57
2020,44,10,39971,Sungjae Im,103,10,93
2020,45,2,33448,Justin Thomas,104,73,31
2020,46,0,46435,Austin Cook,106,43,63
2020,47,-8,40026,Daniel Berger,112,12,100
2020,48,2,26596,Ryan Moore,114,62,52
2020,49,1,35658,Kris Ventura,115,25,90
2020,50,0,25804,Bubba Watson,117,38,79
2020,51,6,29535,Brice Garnett,121,94,27
2020,52,6,33399,Adam Hadwin,122,61,61
2020,53,2,45526,Abraham Ancer,124,28,96
2020,53,2,56278,Matthew Wolff,124,20,104
2020,55,7,52372,Cameron Champ,126,48,78
2020,56,5,49960,Sepp Straka,127,32,95
2020,57,-9,28237,Rory McIlroy,128,52,76
2020,57,3,27214,Kevin Streelman,128,47,81
2020,59,-1,32839,Hideki Matsuyama,132,79,53
2020,60,3,27095,Nick Watney,136,115,21
2020,61,4,25493,Nick Taylor,138,40,98
2020,62,2,24361,Pat Perez,139,123,16
2020,63,7,28420,Ryan Brehm,142,94,48
2020,64,2,24502,Adam Scott,143,76,67
2020,65,7,48822,Sebastián Muñoz,146,29,117
2020,66,3,33597,Harry Higgs,148,26,122
2020,66,-18,29420,Billy Horschel,148,27,121
2020,68,-1,29725,Tony Finau,150,103,47
2020,69,2,24924,Bill Haas,152,118,34
2020,70,6,19803,Ryan Armour,154,80,74
2020,70,-2,45486,Joaquin Niemann,154,115,39
2020,72,3,45609,Tyler Duncan,156,73,83
2020,73,-1,32102,Rickie Fowler,157,45,112
2020,74,0,34255,Joseph Bramlett,158,133,25
2020,75,2,32448,James Hahn,161,127,34
2020,76,3,33419,Cameron Tringale,162,134,28
2020,77,1,47504,Sam Burns,164,66,98
2020,78,2,49298,Kramer Hickok,171,51,120
2020,79,7,26476,Chez Reavie,172,84,88
2020,80,3,40098,Matt Fitzpatrick,175,52,123
2020,81,0,48045,Michael Gellerman,176,114,62
2020,81,10,46550,Brandon Hagy,176,94,82
2020,83,5,33141,Keegan Bradley,177,62,115
2020,83,-1,32791,K.H. Lee,177,31,146
2020,85,0,22056,Cameron Percy,178,148,30
2020,85,4,25349,Tim Wilkinson,178,93,85
2020,87,2,25686,Jason Dufner,182,107,75
2020,87,6,30692,Scott Stallings,182,153,29
2020,89,3,37275,Sam Ryder,183,67,116
2020,90,-4,46441,Robby Shelton,185,84,101
2020,91,4,21961,Charles Howell III,188,139,49
2020,92,3,39953,Chase Seiffert,191,123,68
2020,93,1,32662,Michael Gligic,193,102,91
2020,93,4,32640,Troy Merritt,193,80,113
2020,95,6,40042,Tyler McCumber,195,77,118
2020,96,2,28679,Fabián Gómez,196,88,108
2020,97,2,35449,Adam Long,197,120,77
2020,98,-15,23320,Ryan Palmer,198,72,126
2020,98,6,51894,Vince Whaley,198,90,108
2020,100,-1,31420,Anirban Lahiri,199,130,69
2020,100,6,36699,Patrick Rodgers,199,103,96
2020,102,1,35732,Wes Roach,200,127,73
2020,103,-2,26329,Louis Oosthuizen,201,59,142
2020,103,4,33449,Zack Sucher,201,144,57
2020,105,0,47993,Denny McCarthy,203,119,84
2020,106,1,27554,Scott Harrington,208,42,166
2020,107,2,27556,Ted Potter Jr.,209,164,45
2020,108,1,49766,Hank Lebioda,210,131,79
2020,109,3,26758,David Hearn,212,110,102
2020,110,4,48119,Ben Taylor,214,168,46
2020,111,4,21407,Arjun Atwal,215,101,114
2020,111,4,46402,Talor Gooch,215,121,94
2020,113,5,34076,Joel Dahmen,216,44,172
2020,113,6,36689,Brooks Koepka,216,111,105
2020,115,-3,25818,Scott Piercy,219,57,162
2020,116,-1,35310,Lanto Griffin,221,84,137
2020,117,7,27644,Brian Harman,222,91,131
2020,117,3,39546,Keith Mitchell,222,70,152
2020,119,2,24024,Zach Johnson,223,153,70
2020,120,2,12716,Charley Hoffman,226,169,57
2020,120,6,29926,Danny Lee,226,94,132
2020,122,0,29974,Branden Grace,227,171,56
2020,123,1,30927,Brendon Todd,229,91,138
2020,124,4,36801,Mark Hubbard,231,123,108
2020,124,3,33413,Ben Martin,231,140,91
2020,126,4,33948,Byeong Hun An,233,103,130
2020,126,-15,29478,Kevin Kisner,233,94,139
2020,128,3,29484,Peter Uihlein,236,164,72
2020,129,0,29479,Scott Brown,238,73,165
2020,129,5,34213,Grayson Murray,238,67,171
2020,131,1,47128,Richy Werenski,242,134,108
2020,132,2,31560,Brian Stuard,244,94,150
2020,133,-1,29268,Bronson Burgoon,246,144,102
2020,133,3,26300,Matt Jones,246,127,119
2020,135,4,20229,Stewart Cink,247,176,71
2020,135,3,22405,Justin Rose,247,65,182
2020,137,3,27974,Sung Kang,249,108,141
2020,138,4,31557,Jim Herman,251,83,168
2020,139,-3,39977,Max Homa,252,88,164
2020,140,1,33410,Andrew Landry,253,84,169
2020,141,2,33667,Carlos Ortiz,255,148,107
2020,142,2,32150,Michael Thompson,257,103,154
2020,143,2,35461,Beau Hossler,259,111,148
2020,144,3,34431,Robert Streb,261,175,86
2020,145,3,29908,C.T. Pan,263,176,87
2020,146,3,46442,Maverick McNealy,269,141,128
2020,146,4,39324,J.J. Spaun,269,144,125
2020,148,3,33120,Mark Anderson,273,167,106
2020,149,3,49771,J.T. Poston,274,113,161
2020,150,7,23108,Matt Kuchar,276,123,153
2020,151,3,32366,Kevin Chappell,279,132,147
2020,152,1,29970,Dylan Frittelli,280,151,129
2020,153,1,26499,Rafa Cabrera Bello,281,108,173
2020,154,4,27649,Brandt Snedeker,283,157,126
2020,154,0,32254,Xinjun Zhang,283,159,124
2020,156,3,37455,Si Woo Kim,287,151,136
2020,157,3,23325,Vaughn Taylor,290,115,175
2020,158,3,35532,Tom Hoge,298,166,132
2020,159,3,28089,Jason Day,300,141,159
2020,160,3,27942,Rob Oppenheim,302,157,145
2020,161,2,34314,Sebastian Cappelen,303,136,167
2020,162,8,51766,Wyndham Clark,308,121,187
2020,163,2,34021,Bud Cauley,314,179,135
2020,163,16,34360,Patrick Reed,314,174,140
2020,165,3,28775,Nate Lashley,317,161,156
2020,165,11,48887,Matt Wallace,317,141,176
2020,167,-2,27349,Alex Noren,318,159,159
2020,167,0,33486,Roger Sloan,318,184,134
2020,169,1,23623,Bo Van Pelt,322,173,149
2020,170,2,23621,Rory Sabbatini,323,180,143
2020,170,3,32333,Kevin Tway,323,138,185
2020,172,2,32618,Rhein Gibson,324,180,144
2020,173,4,1810,Phil Mickelson,325,148,177
2020,173,-4,25396,Kevin Na,325,144,181
2020,175,-1,32139,Danny Willett,326,137,189
2020,176,5,35891,Cameron Smith,331,161,170
2020,177,0,28307,Matt Every,333,182,151
2020,178,2,35506,Mackenzie Hughes,340,161,179
2020,179,3,22371,Aaron Baddeley,344,189,155
2020,180,8,34046,Jordan Spieth,345,155,190
2020,181,1,19846,Brian Gay,346,188,158
2020,181,4,32757,Patton Kizzire,346,190,156
2020,183,4,40058,Zac Blair,348,170,178
2020,183,6,35617,Martin Trainer,348,155,193
2020,185,1,27963,Chris Stroud,349,186,163
2020,186,3,25572,Graeme McDowell,352,172,180
2020,187,5,40009,Dominic Bozzelli,359,176,183
2020,188,5,35230,Nelson Ledesma,366,182,184
2020,189,6,34256,Andrew Putnam,367,193,174
2020,190,4,24138,Ian Poulter,370,185,185
2020,191,5,25632,Jimmy Walker,378,187,191
2020,192,5,34466,Peter Malnati,379,192,187
2020,193,5,26851,Marc Leishman,383,191,192
2019,1,0,25364,Paul Casey,7,3,4
2019,2,0,30946,Alex Prugh,8,5,3
2019,3,0,39997,Corey Conners,11,10,1
2019,3,0,29518,Brendan Steele,11,1,10
2019,5,0,36689,Brooks Koepka,23,12,11
2019,6,0,21961,Charles Howell III,24,17,7
2019,7,0,49960,Sepp Straka,30,4,26
2019,7,0,31323,Gary Woodland,30,2,28
2019,9,0,25818,Scott Piercy,35,26,9
2019,10,0,27936,Martin Laird,40,26,14
2019,11,0,30944,Jason Kokrak,41,9,32
2019,12,0,46970,Jon Rahm,44,15,29
2019,12,0,27214,Kevin Streelman,44,29,15
2019,14,0,31646,Emiliano Grillo,46,12,34
2019,15,0,28237,Rory McIlroy,47,8,39
2019,16,0,28089,Jason Day,48,32,16
2019,17,0,33141,Keegan Bradley,51,11,40
2019,18,0,32839,Hideki Matsuyama,53,33,20
2019,19,0,25686,Jason Dufner,56,51,5
2019,20,0,49964,Aaron Wise,62,24,38
2019,21,0,49766,Hank Lebioda,65,40,25
2019,22,0,25900,Lucas Glover,70,20,50
2019,22,0,33448,Justin Thomas,70,64,6
2019,22,0,27064,Jhonattan Vegas,70,47,23
2019,25,0,29535,Brice Garnett,71,53,18
2019,25,0,32640,Troy Merritt,71,40,31
2019,27,0,29268,Bronson Burgoon,72,18,54
2019,28,0,24781,Hunter Mahan,77,31,46
2019,29,0,48081,Xander Schauffele,81,38,43
2019,30,0,33667,Carlos Ortiz,87,29,58
2019,31,0,28679,Fabián Gómez,88,37,51
2019,31,0,45486,Joaquin Niemann,88,35,53
2019,33,0,45157,Cam Davis,89,56,33
2019,33,0,23108,Matt Kuchar,89,69,20
2019,35,0,47347,Adam Schenk,91,55,36
2019,35,0,37340,Chase Wright,91,35,56
2019,37,0,39971,Sungjae Im,93,26,67
2019,38,0,52372,Cameron Champ,94,72,22
2019,39,0,33418,Shawn Stefani,95,83,12
2019,40,0,45609,Tyler Duncan,97,56,41
2019,41,0,32102,Rickie Fowler,99,40,59
2019,41,0,35732,Wes Roach,99,34,65
2019,43,0,29970,Dylan Frittelli,104,56,48
2019,44,0,49298,Kramer Hickok,105,23,82
2019,45,0,26476,Chez Reavie,106,49,57
2019,46,0,33399,Adam Hadwin,107,38,69
2019,47,0,27330,Josh Teater,108,100,8
2019,48,0,30911,Tommy Fleetwood,109,22,87
2019,48,0,26329,Louis Oosthuizen,109,16,93
2019,50,0,45526,Abraham Ancer,110,14,96
2019,51,0,34098,Russell Henley,113,62,51
2019,52,0,39546,Keith Mitchell,118,43,75
2019,53,0,47959,Bryson DeChambeau,119,6,113
2019,53,0,27095,Nick Watney,119,83,36
2019,55,0,10809,Jim Furyk,120,96,24
2019,55,0,37275,Sam Ryder,120,66,54
2019,57,0,34076,Joel Dahmen,121,20,101
2019,58,0,33948,Byeong Hun An,124,64,60
2019,58,0,23320,Ryan Palmer,124,79,45
2019,58,0,30110,Kyle Stanley,124,51,73
2019,61,0,40115,Adam Svensson,125,106,19
2019,62,0,24502,Adam Scott,126,96,30
2019,63,0,26596,Ryan Moore,127,78,49
2019,63,0,33419,Cameron Tringale,127,110,17
2019,65,0,34099,Harris English,135,44,91
2019,66,0,33122,Russell Knox,136,110,26
2019,67,0,33410,Andrew Landry,140,59,81
2019,68,0,26951,Johnson Wagner,143,141,2
2019,69,0,37189,Harold Varner III,144,67,77
2019,70,0,40026,Daniel Berger,145,7,138
2019,71,0,29725,Tony Finau,146,72,74
2019,71,0,25804,Bubba Watson,146,49,97
2019,73,0,46435,Austin Cook,149,19,130
2019,73,0,29420,Billy Horschel,149,83,66
2019,75,0,46402,Talor Gooch,154,142,12
2019,76,0,34363,Tyrrell Hatton,155,45,110
2019,76,0,29478,Kevin Kisner,155,70,85
2019,78,0,48822,Sebastián Muñoz,157,110,47
2019,79,0,35450,Patrick Cantlay,158,81,77
2019,79,0,34306,John Chin,158,123,35
2019,79,0,27349,Alex Noren,158,24,134
2019,79,0,47856,Seth Reeves,158,63,95
2019,83,0,35421,Brandon Harkins,159,96,63
2019,84,0,34021,Bud Cauley,160,83,77
2019,84,0,30925,Dustin Johnson,160,74,86
2019,86,0,19803,Ryan Armour,163,95,68
2019,86,0,23621,Rory Sabbatini,163,74,89
2019,86,0,39324,J.J. Spaun,163,119,44
2019,89,0,31557,Jim Herman,166,53,113
2019,90,0,46601,Trey Mullinax,173,103,70
2019,91,0,32200,Roberto Castro,174,132,42
2019,92,0,27974,Sung Kang,177,61,116
2019,93,0,26758,David Hearn,181,110,71
2019,93,0,35449,Adam Long,181,47,134
2019,93,0,49771,J.T. Poston,181,88,93
2019,96,0,28775,Nate Lashley,187,115,72
2019,97,0,32150,Michael Thompson,188,59,129
2019,98,0,35376,Roberto Díaz,191,87,104
2019,99,0,22405,Justin Rose,193,45,148
2019,100,0,51766,Wyndham Clark,194,70,124
2019,101,0,39327,Ben Silverman,195,88,107
2019,102,0,47993,Denny McCarthy,196,74,122
2019,102,0,24138,Ian Poulter,196,106,90
2019,104,0,21528,Henrik Stenson,197,79,118
2019,105,0,35461,Beau Hossler,200,116,84
2019,106,0,23325,Vaughn Taylor,201,110,91
2019,107,0,32333,Kevin Tway,204,121,83
2019,108,0,26300,Matt Jones,206,103,103
2019,109,0,46523,Joey Garber,208,100,108
2019,110,0,32791,K.H. Lee,209,145,64
2019,111,0,40009,Dominic Bozzelli,214,126,88
2019,112,0,27141,J.B. Holmes,219,88,131
2019,113,0,49303,Anders Albertson,220,159,61
2019,113,0,27129,Luke List,220,88,132
2019,115,0,47504,Sam Burns,223,74,149
2019,115,0,29221,Webb Simpson,223,96,127
2019,117,0,26851,Marc Leishman,224,147,77
2019,118,0,25493,Nick Taylor,225,149,76
2019,119,0,27644,Brian Harman,227,67,160
2019,119,0,47990,Kyle Jones,227,106,121
2019,121,0,36852,Jim Knous,229,168,61
2019,122,0,29926,Danny Lee,231,132,99
2019,123,0,23353,J.J. Henry,234,132,102
2019,123,0,33486,Roger Sloan,234,93,141
2019,125,0,29479,Scott Brown,235,130,105
2019,125,0,34360,Patrick Reed,235,123,112
2019,127,0,28259,Sangmoon Bae,238,88,150
2019,128,0,30692,Scott Stallings,243,144,99
2019,129,0,37455,Si Woo Kim,247,103,144
2019,130,0,31560,Brian Stuard,251,106,145
2019,131,0,21209,Sergio Garcia,254,81,173
2019,132,0,34264,Hudson Swafford,262,165,97
2019,133,0,12716,Charley Hoffman,268,162,106
2019,134,0,27895,Jonas Blixt,270,130,140
2019,135,0,25198,Francesco Molinari,271,102,169
2019,136,0,47128,Richy Werenski,272,146,126
2019,136,0,32139,Danny Willett,272,161,111
2019,138,0,34563,Chesson Hadley,273,119,154
2019,139,0,39977,Max Homa,274,135,139
2019,140,0,19846,Brian Gay,275,117,158
2019,141,0,30978,Kiradech Aphibarnrat,279,94,185
2019,142,0,35532,Tom Hoge,281,153,128
2019,143,0,25396,Kevin Na,282,126,156
2019,144,0,35506,Mackenzie Hughes,284,150,134
2019,145,0,24361,Pat Perez,285,152,133
2019,145,0,27556,Ted Potter Jr.,285,176,109
2019,147,0,1810,Phil Mickelson,286,126,160
2019,148,0,36799,Stephan Jaeger,287,164,123
2019,149,0,29484,Peter Uihlein,289,169,120
2019,150,0,29974,Branden Grace,290,171,119
2019,151,0,40098,Matt Fitzpatrick,291,125,166
2019,152,0,37454,Whee Kim,292,177,115
2019,152,0,36699,Patrick Rodgers,292,142,150
2019,152,0,30786,Brady Schnell,292,137,155
2019,152,0,34431,Robert Streb,292,175,117
2019,156,0,29223,Sam Saunders,294,148,146
2019,157,0,26499,Rafa Cabrera Bello,296,121,175
2019,158,0,24024,Zach Johnson,297,117,180
2019,159,0,27958,Ryan Blaum,299,157,142
2019,160,0,32757,Patton Kizzire,302,137,165
2019,161,0,25632,Jimmy Walker,303,153,150
2019,162,0,27649,Brandt Snedeker,305,162,143
2019,163,0,20472,Alex Cejka,306,150,156
2019,164,0,32816,Satoshi Kodaira,307,137,170
2019,164,0,46501,Ollie Schniederjans,307,129,178
2019,166,0,24924,Bill Haas,308,155,153
2019,166,0,34256,Andrew Putnam,308,183,125
2019,168,0,25572,Graeme McDowell,319,173,146
2019,168,0,29908,C.T. Pan,319,157,162
2019,170,0,34261,Scott Langley,320,136,184
2019,171,0,24925,Jonathan Byrd,324,187,137
2019,171,0,35891,Cameron Smith,324,156,168
2019,173,0,35617,Martin Trainer,327,140,187
2019,174,0,32058,José de Jesús Rodríguez,328,169,159
2019,175,0,20572,Rod Pampling,330,167,163
2019,176,0,35879,Kelly Kraft,341,159,182
2019,177,0,34466,Peter Malnati,345,181,164
2019,178,0,31420,Anirban Lahiri,350,173,177
2019,179,0,6522,Ernie Els,352,185,167
2019,179,0,39954,Cody Gribble,352,166,186
2019,181,0,30191,Julián Etulain,353,182,171
2019,182,0,21731,Freddie Jacobson,354,180,174
2019,182,0,28252,Seamus Power,354,171,183
2019,182,0,27963,Chris Stroud,354,179,175
2019,185,0,34046,Jordan Spieth,356,177,179
2019,186,0,22371,Aaron Baddeley,358,186,172
2019,187,0,37380,Curtis Luck,365,184,181
2019,188,0,39975,Michael Kim,376,188,188
2018,1,0,37275,Sam Ryder,12,10,2
2018,2,0,31323,Gary Woodland,14,3,11
2018,3,0,30110,Kyle Stanley,15,9,6
2018,4,0,29420,Billy Horschel,20,17,3
2018,5,0,25198,Francesco Molinari,21,5,16
2018,6,0,22405,Justin Rose,24,1,23
2018,7,0,24502,Adam Scott,25,17,8
2018,8,0,27214,Kevin Streelman,26,22,4
2018,9,0,39997,Corey Conners,33,16,17
2018,10,0,30911,Tommy Fleetwood,34,2,32
2018,11,0,32102,Rickie Fowler,37,8,29
2018,11,0,30925,Dustin Johnson,37,28,9
2018,13,0,21528,Henrik Stenson,38,37,1
2018,14,0,35450,Patrick Cantlay,39,32,7
2018,15,0,33141,Keegan Bradley,40,4,36
2018,16,0,29908,C.T. Pan,41,36,5
2018,17,0,47959,Bryson DeChambeau,42,17,25
2018,18,0,26499,Rafa Cabrera Bello,43,24,19
2018,18,0,34264,Hudson Swafford,43,5,38
2018,20,0,39324,J.J. Spaun,44,14,30
2018,21,0,25818,Scott Piercy,50,26,24
2018,22,0,31646,Emiliano Grillo,55,14,41
2018,23,0,49964,Aaron Wise,56,13,43
2018,24,0,29268,Bronson Burgoon,57,7,50
2018,25,0,29518,Brendan Steele,58,23,35
2018,26,0,45609,Tyler Duncan,59,34,25
2018,27,0,46970,Jon Rahm,61,41,20
2018,28,0,32839,Hideki Matsuyama,63,29,34
2018,29,0,32150,Michael Thompson,66,45,21
2018,30,0,34076,Joel Dahmen,67,25,42
2018,31,0,21961,Charles Howell III,71,38,33
2018,31,0,24781,Hunter Mahan,71,32,39
2018,33,0,39546,Keith Mitchell,72,41,31
2018,34,0,34098,Russell Henley,75,30,45
2018,35,0,30944,Jason Kokrak,76,62,14
2018,36,0,34046,Jordan Spieth,77,65,12
2018,37,0,25364,Paul Casey,82,10,72
2018,37,0,23353,J.J. Henry,82,72,10
2018,37,0,33122,Russell Knox,82,55,27
2018,40,0,35545,Blayne Barber,89,67,22
2018,41,0,33448,Justin Thomas,92,47,45
2018,42,0,32448,James Hahn,93,40,53
2018,43,0,33948,Byeong Hun An,94,31,63
2018,44,0,22056,Cameron Percy,102,74,28
2018,45,0,32254,Xinjun Zhang,105,17,88
2018,46,0,29725,Tony Finau,106,88,18
2018,47,0,33204,Shane Lowry,107,59,48
2018,47,0,49771,J.T. Poston,107,55,52
2018,47,0,25804,Bubba Watson,107,50,57
2018,50,0,25900,Lucas Glover,110,27,83
2018,51,0,26596,Ryan Moore,118,74,44
2018,52,0,32366,Kevin Chappell,120,21,99
2018,52,0,37189,Harold Varner III,120,47,73
2018,54,0,36689,Brooks Koepka,121,67,54
2018,55,0,26329,Louis Oosthuizen,124,12,112
2018,56,0,29974,Branden Grace,127,41,86
2018,57,0,26476,Chez Reavie,129,82,47
2018,58,0,40026,Daniel Berger,130,38,92
2018,58,0,27644,Brian Harman,130,53,77
2018,60,0,24138,Ian Poulter,134,44,90
2018,61,0,35461,Beau Hossler,139,74,65
2018,61,0,47993,Denny McCarthy,139,79,60
2018,63,0,29535,Brice Garnett,144,49,95
2018,63,0,47347,Adam Schenk,144,77,67
2018,65,0,8793,Tiger Woods,145,63,82
2018,66,0,36699,Patrick Rodgers,148,34,114
2018,67,0,27129,Luke List,149,98,51
2018,68,0,34256,Andrew Putnam,152,140,12
2018,69,0,46435,Austin Cook,153,53,100
2018,70,0,19803,Ryan Armour,154,98,56
2018,71,0,27936,Martin Laird,155,45,110
2018,72,0,27095,Nick Watney,157,93,64
2018,73,0,26300,Matt Jones,159,58,101
2018,74,0,26758,David Hearn,162,122,40
2018,75,0,34563,Chesson Hadley,165,90,75
2018,76,0,33399,Adam Hadwin,167,106,61
2018,77,0,48081,Xander Schauffele,170,51,119
2018,78,0,28679,Fabián Gómez,171,101,70
2018,78,0,29485,Brett Stegmaier,171,156,15
2018,80,0,45526,Abraham Ancer,172,71,101
2018,80,0,24361,Pat Perez,172,98,74
2018,82,0,28237,Rory McIlroy,176,70,106
2018,83,0,30926,Chris Kirk,177,122,55
2018,83,0,23320,Ryan Palmer,177,59,118
2018,85,0,28089,Jason Day,179,55,124
2018,86,0,47128,Richy Werenski,181,90,91
2018,87,0,50526,Tom Lovelady,182,95,87
2018,88,0,34363,Tyrrell Hatton,183,79,104
2018,88,0,25892,Steve Wheatcroft,183,86,97
2018,90,0,29221,Webb Simpson,185,119,66
2018,91,0,20229,Stewart Cink,189,140,49
2018,91,0,39328,Conrad Shindler,189,82,107
2018,93,0,28775,Nate Lashley,190,132,58
2018,94,0,31560,Brian Stuard,193,110,83
2018,95,0,32757,Patton Kizzire,195,158,37
2018,95,0,23325,Vaughn Taylor,195,106,89
2018,97,0,29223,Sam Saunders,196,63,133
2018,98,0,36799,Stephan Jaeger,200,115,85
2018,99,0,29478,Kevin Kisner,204,82,122
2018,99,0,26851,Marc Leishman,204,108,96
2018,101,0,35310,Lanto Griffin,205,124,81
2018,102,0,37278,Nicholas Lindheim,206,145,61
2018,102,0,23621,Rory Sabbatini,206,135,71
2018,104,0,27141,J.B. Holmes,207,81,126
2018,104,0,24024,Zach Johnson,207,127,80
2018,106,0,46601,Trey Mullinax,208,86,122
2018,106,0,27349,Alex Noren,208,72,136
2018,106,0,32333,Kevin Tway,208,115,93
2018,109,0,27064,Jhonattan Vegas,210,82,128
2018,110,0,33418,Shawn Stefani,211,132,79
2018,111,0,24358,Robert Garrigus,212,88,124
2018,112,0,25686,Jason Dufner,214,66,148
2018,113,0,12716,Charley Hoffman,217,119,98
2018,114,0,24140,Sean O'Hair,218,67,151
2018,115,0,25493,Nick Taylor,219,143,76
2018,116,0,29484,Peter Uihlein,220,152,68
2018,117,0,25572,Graeme McDowell,223,77,146
2018,117,0,32640,Troy Merritt,223,93,130
2018,117,0,26951,Johnson Wagner,223,154,69
2018,120,0,30978,Kiradech Aphibarnrat,229,51,178
2018,121,0,24925,Jonathan Byrd,231,172,59
2018,122,0,39327,Ben Silverman,235,101,134
2018,123,0,47287,Ethan Tracy,236,97,139
2018,124,0,35421,Brandon Harkins,238,125,113
2018,125,0,29461,Jamie Lovemark,244,101,143
2018,126,0,27958,Ryan Blaum,245,137,108
2018,127,0,29479,Scott Brown,246,132,114
2018,128,0,30692,Scott Stallings,247,130,117
2018,129,0,19846,Brian Gay,249,104,145
2018,129,0,32816,Satoshi Kodaira,249,59,190
2018,129,0,27649,Brandt Snedeker,249,117,132
2018,132,0,33410,Andrew Landry,251,135,116
2018,133,0,35506,Mackenzie Hughes,252,143,109
2018,134,0,28500,Martin Flores,253,148,105
2018,134,0,28252,Seamus Power,253,125,128
2018,136,0,34099,Harris English,254,90,164
2018,136,0,23108,Matt Kuchar,254,160,94
2018,136,0,31202,William McGirt,254,177,77
2018,139,0,23541,Ben Crane,256,119,137
2018,140,0,12510,Chad Campbell,257,137,120
2018,141,0,34174,John Huh,259,148,111
2018,142,0,34021,Bud Cauley,264,117,147
2018,143,0,20472,Alex Cejka,265,111,154
2018,143,0,35879,Kelly Kraft,265,113,152
2018,145,0,47125,Matt Atkins,270,108,162
2018,145,0,25396,Kevin Na,270,128,142
2018,147,0,34213,Grayson Murray,271,96,175
2018,148,0,34409,David Lingmerth,273,105,168
2018,149,0,40058,Zac Blair,276,173,103
2018,150,0,10809,Jim Furyk,278,112,166
2018,151,0,29926,Danny Lee,279,148,131
2018,152,0,27556,Ted Potter Jr.,281,113,168
2018,153,0,31420,Anirban Lahiri,288,147,141
2018,154,0,33413,Ben Martin,289,139,150
2018,155,0,46402,Talor Gooch,290,131,159
2018,156,0,35532,Tom Hoge,298,140,158
2018,157,0,24924,Bill Haas,299,159,140
2018,157,0,1810,Phil Mickelson,299,162,137
2018,159,0,39954,Cody Gribble,304,128,176
2018,160,0,28132,Tyrone Van Aswegen,308,181,127
2018,161,0,35891,Cameron Smith,312,145,167
2018,162,0,33419,Cameron Tringale,313,192,121
2018,163,0,34431,Robert Streb,317,182,135
2018,164,0,37455,Si Woo Kim,318,165,153
2018,165,0,35376,Roberto Díaz,319,163,156
2018,165,0,28307,Matt Every,319,175,144
2018,167,0,20572,Rod Pampling,322,148,174
2018,168,0,34360,Patrick Reed,327,167,160
2018,169,0,46501,Ollie Schniederjans,330,157,173
2018,170,0,27895,Jonas Blixt,331,152,179
2018,171,0,27963,Chris Stroud,333,161,172
2018,172,0,37454,Whee Kim,337,176,161
2018,173,0,27942,Rob Oppenheim,338,189,149
2018,174,0,27974,Sung Kang,339,174,165
2018,174,0,26331,Charl Schwartzel,339,155,184
2018,176,0,37338,Zecheng Dou,340,183,157
2018,177,0,22371,Aaron Baddeley,341,178,163
2018,178,0,24846,Ricky Barnes,343,188,155
2018,179,0,22582,Kyle Thompson,346,169,177
2018,180,0,25632,Jimmy Walker,347,167,180
2018,181,0,40009,Dominic Bozzelli,350,165,185
2018,181,0,34466,Peter Malnati,350,179,171
2018,181,0,34358,Jonathan Randolph,350,163,187
2018,184,0,20157,Retief Goosen,352,170,182
2018,185,0,29222,Billy Hurley III,353,183,170
2018,186,0,32876,Martin Piller,359,171,188
2018,187,0,35544,Andrew Yun,368,187,181
2018,188,0,25240,D.A. Points,370,179,191
2018,189,0,39975,Michael Kim,372,186,186
2018,190,0,48084,Wesley Bryan,376,193,183
2018,191,0,20593,Greg Chalmers,377,185,192
2018,192,0,31416,Derek Fathauer,379,190,189
2018,193,0,25834,Daniel Summerhays,384,191,193
2017,1,0,30110,Kyle Stanley,4,2,2
2017,2,0,25900,Lucas Glover,10,4,6
2017,3,0,25364,Paul Casey,14,11,3
2017,4,0,21209,Sergio Garcia,18,10,8
2017,5,0,33141,Keegan Bradley,21,1,20
2017,6,0,27436,Graham DeLaet,25,3,22
2017,7,0,31323,Gary Woodland,29,18,11
2017,8,0,35450,Patrick Cantlay,32,19,13
2017,9,0,31557,Jim Herman,35,11,24
2017,10,0,26289,Boo Weekley,36,17,19
2017,11,0,34264,Hudson Swafford,39,16,23
2017,12,0,30925,Dustin Johnson,42,33,9
2017,12,0,33204,Shane Lowry,42,8,34
2017,14,0,34098,Russell Henley,44,14,30
2017,15,0,24358,Robert Garrigus,48,39,9
2017,16,0,46970,Jon Rahm,49,28,21
2017,17,0,25198,Francesco Molinari,50,9,41
2017,18,0,29725,Tony Finau,51,34,17
2017,18,0,48081,Xander Schauffele,51,25,26
2017,20,0,32839,Hideki Matsuyama,52,36,16
2017,21,0,29518,Brendan Steele,55,13,42
2017,22,0,32102,Rickie Fowler,56,5,51
2017,23,0,29420,Billy Horschel,57,29,28
2017,24,0,23353,J.J. Henry,58,46,12
2017,24,0,37189,Harold Varner III,58,26,32
2017,26,0,46732,Rick Lamb,62,6,56
2017,27,0,47128,Richy Werenski,65,29,36
2017,28,0,25686,Jason Dufner,66,22,44
2017,29,0,27129,Luke List,67,53,14
2017,30,0,31646,Emiliano Grillo,74,20,54
2017,31,0,22405,Justin Rose,77,52,25
2017,32,0,23621,Rory Sabbatini,78,39,39
2017,32,0,27214,Kevin Streelman,78,14,64
2017,34,0,30944,Jason Kokrak,79,21,58
2017,35,0,34046,Jordan Spieth,80,76,4
2017,36,0,12510,Chad Campbell,81,66,15
2017,37,0,26476,Chez Reavie,83,43,40
2017,38,0,19803,Ryan Armour,84,79,5
2017,39,0,39324,J.J. Spaun,88,41,47
2017,40,0,31202,William McGirt,91,46,45
2017,41,0,27936,Martin Laird,97,7,90
2017,41,0,24502,Adam Scott,97,48,49
2017,43,0,34021,Bud Cauley,100,62,38
2017,44,0,29478,Kevin Kisner,101,26,75
2017,45,0,30191,Julián Etulain,102,43,59
2017,46,0,33122,Russell Knox,103,34,69
2017,47,0,33418,Shawn Stefani,108,73,35
2017,48,0,24140,Sean O'Hair,109,36,73
2017,49,0,33448,Justin Thomas,112,66,46
2017,50,0,22056,Cameron Percy,113,106,7
2017,51,0,33413,Ben Martin,116,48,68
2017,52,0,23320,Ryan Palmer,118,48,70
2017,53,0,40026,Daniel Berger,120,56,64
2017,54,0,32448,James Hahn,125,43,82
2017,55,0,29485,Brett Stegmaier,127,66,61
2017,56,0,46601,Trey Mullinax,128,76,52
2017,57,0,26851,Marc Leishman,130,80,50
2017,57,0,29908,C.T. Pan,130,87,43
2017,59,0,35545,Blayne Barber,132,99,33
2017,60,0,28420,Ryan Brehm,133,96,37
2017,61,0,29223,Sam Saunders,134,24,110
2017,62,0,29461,Jamie Lovemark,135,53,82
2017,63,0,28500,Martin Flores,137,136,1
2017,63,0,12716,Charley Hoffman,137,70,67
2017,63,0,23497,Tag Ridings,137,48,89
2017,63,0,23325,Vaughn Taylor,137,73,64
2017,67,0,25818,Scott Piercy,139,80,59
2017,68,0,32366,Kevin Chappell,140,31,109
2017,69,0,23108,Matt Kuchar,142,80,62
2017,70,0,27064,Jhonattan Vegas,149,61,88
2017,71,0,26596,Ryan Moore,151,36,115
2017,71,0,30692,Scott Stallings,151,123,28
2017,73,0,28237,Rory McIlroy,152,56,96
2017,74,0,26329,Louis Oosthuizen,153,42,111
2017,74,0,27963,Chris Stroud,153,76,77
2017,76,0,24781,Hunter Mahan,155,31,124
2017,77,0,24924,Bill Haas,157,130,27
2017,77,0,27974,Sung Kang,157,73,84
2017,79,0,29720,Andres Gonzales,158,127,31
2017,80,0,20229,Stewart Cink,163,145,18
2017,81,0,30926,Chris Kirk,165,103,62
2017,82,0,20472,Alex Cejka,167,96,71
2017,83,0,29926,Danny Lee,168,87,81
2017,84,0,47959,Bryson DeChambeau,169,64,105
2017,84,0,25493,Nick Taylor,169,90,79
2017,84,0,26951,Johnson Wagner,169,114,55
2017,87,0,29221,Webb Simpson,170,66,104
2017,88,0,24361,Pat Perez,174,96,78
2017,89,0,27095,Nick Watney,178,106,72
2017,90,0,29476,Kyle Reifers,182,95,87
2017,91,0,25804,Bubba Watson,183,22,161
2017,92,0,33399,Adam Hadwin,185,71,114
2017,92,0,34174,John Huh,185,93,92
2017,92,0,24024,Zach Johnson,185,56,129
2017,95,0,10809,Jim Furyk,189,109,80
2017,96,0,25240,D.A. Points,190,133,57
2017,97,0,34213,Grayson Murray,194,59,135
2017,98,0,27649,Brandt Snedeker,198,150,48
2017,99,0,29479,Scott Brown,200,72,128
2017,100,0,36689,Brooks Koepka,201,53,148
2017,101,0,21961,Charles Howell III,204,152,52
2017,101,0,49771,J.T. Poston,204,103,101
2017,103,0,36699,Patrick Rodgers,205,114,91
2017,104,0,23541,Ben Crane,207,114,93
2017,104,0,46440,Smylie Kaufman,207,99,108
2017,106,0,31420,Anirban Lahiri,208,59,149
2017,107,0,27466,Spencer Levin,212,112,100
2017,108,0,46550,Brandon Hagy,214,89,125
2017,109,0,28093,Miguel Angel Carballo,215,99,116
2017,110,0,33948,Byeong Hun An,216,85,131
2017,111,0,29974,Branden Grace,217,144,73
2017,112,0,32333,Kevin Tway,219,99,120
2017,113,0,26300,Matt Jones,221,62,159
2017,114,0,35506,Mackenzie Hughes,222,103,119
2017,114,0,34409,David Lingmerth,222,64,158
2017,116,0,33461,Morgan Hoffmann,223,80,143
2017,117,0,46501,Ollie Schniederjans,229,143,86
2017,118,0,27644,Brian Harman,230,93,137
2017,119,0,26758,David Hearn,232,112,120
2017,120,0,22046,Geoff Ogilvy,235,133,102
2017,120,0,28132,Tyrone Van Aswegen,235,160,75
2017,122,0,39975,Michael Kim,238,145,93
2017,123,0,34358,Jonathan Randolph,241,80,161
2017,124,0,20771,Steven Alker,242,129,113
2017,124,0,32640,Troy Merritt,242,125,117
2017,126,0,40058,Zac Blair,243,121,122
2017,127,0,28252,Seamus Power,244,148,96
2017,128,0,28089,Jason Day,245,106,139
2017,129,0,34431,Robert Streb,248,136,112
2017,130,0,29289,S.Y. Noh,249,150,99
2017,131,0,25572,Graeme McDowell,253,86,167
2017,132,0,32200,Roberto Castro,257,119,138
2017,133,0,26499,Rafa Cabrera Bello,258,92,166
2017,134,0,25834,Daniel Summerhays,259,109,150
2017,135,0,20104,Ken Duke,263,123,140
2017,135,0,25349,Tim Wilkinson,263,130,133
2017,137,0,25396,Kevin Na,264,162,102
2017,138,0,31560,Brian Stuard,265,114,151
2017,139,0,33120,Mark Anderson,266,168,98
2017,140,0,35532,Tom Hoge,268,183,85
2017,141,0,27958,Ryan Blaum,269,162,107
2017,141,0,24357,K.J. Choi,269,109,160
2017,143,0,34099,Harris English,270,136,134
2017,144,0,46443,Brian Campbell,271,119,152
2017,144,0,20572,Rod Pampling,271,139,132
2017,144,0,25892,Steve Wheatcroft,271,90,181
2017,147,0,36801,Mark Hubbard,273,167,106
2017,147,0,37278,Nicholas Lindheim,273,178,95
2017,149,0,35110,Brett Drewitt,274,156,118
2017,150,0,28679,Fabián Gómez,275,152,123
2017,151,0,19846,Brian Gay,280,135,145
2017,151,0,35879,Kelly Kraft,280,126,154
2017,153,0,24138,Ian Poulter,282,156,126
2017,154,0,25632,Jimmy Walker,285,142,143
2017,155,0,20157,Retief Goosen,292,156,136
2017,156,0,22986,Søren Kjeldsen,295,121,174
2017,156,0,32150,Michael Thompson,295,155,140
2017,158,0,27141,J.B. Holmes,296,127,169
2017,159,0,29740,Brad Fritsch,303,174,129
2017,160,0,35300,Andrew Loupe,304,118,186
2017,161,0,34360,Patrick Reed,305,132,173
2017,162,0,33419,Cameron Tringale,307,180,127
2017,163,0,39954,Cody Gribble,310,145,165
2017,164,0,29222,Billy Hurley III,313,171,142
2017,164,0,48822,Sebastián Muñoz,313,159,154
2017,166,0,24507,Jason Bohn,315,161,154
2017,167,0,32757,Patton Kizzire,317,170,147
2017,168,0,26331,Charl Schwartzel,318,139,179
2017,169,0,27895,Jonas Blixt,319,139,180
2017,170,0,35891,Cameron Smith,321,164,157
2017,171,0,40009,Dominic Bozzelli,323,148,175
2017,172,0,34466,Peter Malnati,325,154,171
2017,173,0,1810,Phil Mickelson,329,166,163
2017,174,0,24846,Ricky Barnes,332,187,145
2017,175,0,30852,Ryo Ishikawa,336,184,152
2017,176,0,37454,Whee Kim,341,173,168
2017,177,0,22371,Aaron Baddeley,343,174,169
2017,177,0,25191,Gonzalo Fernandez-Castaño,343,171,172
2017,179,0,31416,Derek Fathauer,345,181,164
2017,180,0,28307,Matt Every,349,165,184
2017,181,0,37455,Si Woo Kim,356,169,187
2017,181,0,27770,Camilo Villegas,356,179,177
2017,183,0,25720,Chad Collins,358,176,182
2017,184,0,20593,Greg Chalmers,362,177,185
2017,185,0,23800,Bryce Molder,364,186,178
2017,186,0,48084,Wesley Bryan,365,182,183
2017,186,0,23983,Luke Donald,365,189,176
2017,188,0,6522,Ernie Els,373,184,189
2017,189,0,25274,Steven Bowditch,377,187,190
2017,190,0,25345,Carl Pettersson,378,190,188
2016,1,0,25900,Lucas Glover,3,2,1
2016,2,0,25364,Paul Casey,9,7,2
2016,3,0,24461,Thomas Aiken,13,8,5
2016,3,0,33141,Keegan Bradley,13,1,12
2016,5,0,21209,Sergio Garcia,15,9,6
2016,6,0,28237,Rory McIlroy,17,6,11
2016,7,0,34264,Hudson Swafford,25,3,22
2016,8,0,25686,Jason Dufner,26,20,6
2016,9,0,35451,Scott Pinckney,30,10,20
2016,10,0,31646,Emiliano Grillo,31,4,27
2016,11,0,29518,Brendan Steele,40,15,25
2016,12,0,32102,Rickie Fowler,42,27,15
2016,12,0,34098,Russell Henley,42,13,29
2016,14,0,30944,Jason Kokrak,43,17,26
2016,15,0,33122,Russell Knox,47,38,9
2016,16,0,20691,Greg Owen,48,40,8
2016,17,0,27436,Graham DeLaet,49,21,28
2016,18,0,26289,Boo Weekley,52,11,41
2016,19,0,27214,Kevin Streelman,54,37,17
2016,20,0,32839,Hideki Matsuyama,56,21,35
2016,21,0,26476,Chez Reavie,62,25,37
2016,22,0,20229,Stewart Cink,63,59,4
2016,23,0,26329,Louis Oosthuizen,65,32,33
2016,24,0,24502,Adam Scott,67,64,3
2016,25,0,32200,Roberto Castro,68,49,19
2016,26,0,36699,Patrick Rodgers,69,53,16
2016,26,0,27064,Jhonattan Vegas,69,59,10
2016,28,0,31323,Gary Woodland,70,47,23
2016,29,0,24140,Sean O'Hair,75,21,54
2016,29,0,23320,Ryan Palmer,75,33,42
2016,31,0,30925,Dustin Johnson,76,33,43
2016,31,0,22405,Justin Rose,76,36,40
2016,33,0,25804,Bubba Watson,80,62,18
2016,34,0,29485,Brett Stegmaier,81,21,60
2016,35,0,12510,Chad Campbell,82,49,33
2016,35,0,25818,Scott Piercy,82,30,52
2016,37,0,36689,Brooks Koepka,86,27,59
2016,38,0,26951,Johnson Wagner,91,78,13
2016,39,0,37189,Harold Varner III,93,18,75
2016,40,0,10809,Jim Furyk,94,65,29
2016,40,0,31202,William McGirt,94,43,51
2016,40,0,30163,Henrik Norlander,94,62,32
2016,40,0,29476,Kyle Reifers,94,46,48
2016,44,0,32366,Kevin Chappell,96,25,71
2016,45,0,29420,Billy Horschel,97,52,45
2016,46,0,30110,Kyle Stanley,98,44,54
2016,47,0,23108,Matt Kuchar,101,58,43
2016,48,0,31557,Jim Herman,106,14,92
2016,49,0,24358,Robert Garrigus,109,95,14
2016,50,0,24924,Bill Haas,112,55,57
2016,51,0,22892,Jason Gore,113,45,68
2016,52,0,26758,David Hearn,114,83,31
2016,53,0,35545,Blayne Barber,116,53,63
2016,54,0,20472,Alex Cejka,117,78,39
2016,55,0,33399,Adam Hadwin,118,35,83
2016,56,0,26331,Charl Schwartzel,119,95,24
2016,57,0,33410,Andrew Landry,122,5,117
2016,58,0,29479,Scott Brown,123,16,107
2016,59,0,34174,John Huh,124,47,77
2016,60,0,20645,John Senden,128,107,21
2016,61,0,37455,Si Woo Kim,130,18,112
2016,62,0,40026,Daniel Berger,132,86,46
2016,63,0,37273,Derek Ernst,134,55,79
2016,63,0,29478,Kevin Kisner,134,30,104
2016,65,0,33204,Shane Lowry,135,12,123
2016,65,0,33413,Ben Martin,135,71,64
2016,67,0,26851,Marc Leishman,138,38,100
2016,68,0,29461,Jamie Lovemark,139,40,99
2016,69,0,27466,Spencer Levin,140,68,72
2016,70,0,21961,Charles Howell III,141,103,38
2016,70,0,35879,Kelly Kraft,141,91,50
2016,72,0,8075,Jerry Kelly,144,78,66
2016,73,0,27936,Martin Laird,150,103,47
2016,73,0,32150,Michael Thompson,150,71,79
2016,75,0,27644,Brian Harman,151,40,111
2016,75,0,27129,Luke List,151,97,54
2016,77,0,26596,Ryan Moore,153,66,87
2016,78,0,37454,Whee Kim,155,66,89
2016,79,0,28089,Jason Day,168,115,53
2016,80,0,32618,Rhein Gibson,173,138,35
2016,81,0,29221,Webb Simpson,174,117,57
2016,82,0,25493,Nick Taylor,176,90,86
2016,83,0,35732,Wes Roach,180,29,151
2016,84,0,24507,Jason Bohn,183,111,72
2016,85,0,27974,Sung Kang,184,83,101
2016,85,0,30692,Scott Stallings,184,102,82
2016,87,0,25198,Francesco Molinari,185,76,109
2016,87,0,25396,Kevin Na,185,121,64
2016,87,0,34431,Robert Streb,185,107,78
2016,90,0,29725,Tony Finau,187,81,106
2016,91,0,33418,Shawn Stefani,188,119,69
2016,92,0,32448,James Hahn,189,70,119
2016,92,0,34409,David Lingmerth,189,55,134
2016,92,0,27649,Brandt Snedeker,189,99,90
2016,95,0,27141,J.B. Holmes,191,86,105
2016,95,0,22046,Geoff Ogilvy,191,49,142
2016,97,0,20572,Rod Pampling,192,59,133
2016,98,0,29974,Branden Grace,193,132,61
2016,98,0,25572,Graeme McDowell,193,68,125
2016,100,0,30711,Colt Knost,194,91,103
2016,101,0,23353,J.J. Henry,197,148,49
2016,101,0,33448,Justin Thomas,197,103,94
2016,103,0,46440,Smylie Kaufman,200,126,74
2016,104,0,28158,Steve Marino,202,117,85
2016,105,0,27963,Chris Stroud,207,140,67
2016,106,0,29268,Bronson Burgoon,208,133,75
2016,106,0,34563,Chesson Hadley,208,107,101
2016,106,0,29926,Danny Lee,208,71,137
2016,106,0,2206,David Toms,208,112,96
2016,110,0,34261,Scott Langley,209,71,138
2016,111,0,29223,Sam Saunders,211,83,128
2016,112,0,24912,Will MacKenzie,213,143,70
2016,113,0,34099,Harris English,215,103,112
2016,114,0,34046,Jordan Spieth,216,71,145
2016,114,0,28114,Dawie van der Walt,216,154,62
2016,116,0,23621,Rory Sabbatini,219,89,130
2016,117,0,24357,K.J. Choi,221,124,97
2016,118,0,28679,Fabián Gómez,222,81,141
2016,119,0,34360,Patrick Reed,223,107,116
2016,120,0,34265,Will Wilcox,224,77,147
2016,121,0,1810,Phil Mickelson,225,141,84
2016,122,0,29720,Andres Gonzales,226,145,81
2016,123,0,26300,Matt Jones,234,99,135
2016,123,0,21878,Mark Wilson,234,126,108
2016,125,0,31560,Brian Stuard,235,86,149
2016,126,0,12716,Charley Hoffman,243,124,119
2016,126,0,24024,Zach Johnson,243,121,122
2016,128,0,23638,Brendon de Jonge,246,153,93
2016,129,0,23325,Vaughn Taylor,248,121,127
2016,130,0,35300,Andrew Loupe,249,101,148
2016,131,0,20766,Padraig Harrington,250,91,159
2016,132,0,20848,Ángel Cabrera,252,97,155
2016,132,0,33419,Cameron Tringale,252,161,91
2016,134,0,33667,Carlos Ortiz,253,128,125
2016,135,0,40058,Zac Blair,260,91,169
2016,135,0,30926,Chris Kirk,260,128,132
2016,137,0,33461,Morgan Hoffmann,262,112,150
2016,138,0,24846,Ricky Barnes,263,175,88
2016,139,0,36801,Mark Hubbard,264,119,145
2016,140,0,25240,D.A. Points,266,168,98
2016,141,0,29745,Tyler Aldridge,268,173,95
2016,141,0,25632,Jimmy Walker,268,133,135
2016,143,0,25349,Tim Wilkinson,269,154,115
2016,144,0,24781,Hunter Mahan,274,112,162
2016,145,0,24490,George McNeill,277,146,131
2016,146,0,29289,S.Y. Noh,278,157,121
2016,147,0,23541,Ben Crane,281,138,143
2016,148,0,21731,Freddie Jacobson,284,174,110
2016,149,0,32640,Troy Merritt,285,133,152
2016,150,0,32757,Patton Kizzire,287,163,124
2016,151,0,32876,Martin Piller,290,161,129
2016,151,0,28132,Tyrone Van Aswegen,290,176,114
2016,153,0,29222,Billy Hurley III,294,128,166
2016,153,0,10213,Dicky Pride,294,115,179
2016,155,0,23983,Luke Donald,298,180,118
2016,156,0,34262,Jon Curran,302,146,156
2016,157,0,45526,Abraham Ancer,305,131,174
2016,157,0,28475,Jeff Overton,305,166,139
2016,159,0,6527,Steve Stricker,307,149,158
2016,159,0,25834,Daniel Summerhays,307,151,156
2016,161,0,20098,Stuart Appleby,312,137,175
2016,162,0,22371,Aaron Baddeley,313,159,154
2016,163,0,20104,Ken Duke,315,133,182
2016,163,0,31420,Anirban Lahiri,315,154,161
2016,165,0,23800,Bryce Molder,319,143,176
2016,166,0,27895,Jonas Blixt,320,142,178
2016,167,0,35539,Luke Guthrie,321,169,152
2016,167,0,6567,Vijay Singh,321,158,163
2016,169,0,25892,Steve Wheatcroft,322,149,173
2016,170,0,10885,Robert Allenby,325,185,140
2016,170,0,35891,Cameron Smith,325,160,165
2016,172,0,27942,Rob Oppenheim,327,183,144
2016,173,0,39975,Michael Kim,331,172,159
2016,174,0,20157,Retief Goosen,333,170,163
2016,174,0,27747,Hiroshi Iwata,333,152,181
2016,176,0,35532,Tom Hoge,334,167,167
2016,177,0,6522,Ernie Els,342,165,177
2016,177,0,34466,Peter Malnati,342,171,171
2016,179,0,28092,D.H. Lee,343,163,180
2016,180,0,31416,Derek Fathauer,349,177,172
2016,181,0,25720,Chad Collins,350,182,168
2016,182,0,27770,Camilo Villegas,351,181,170
2016,183,0,25274,Steven Bowditch,362,178,184
2016,184,0,30927,Brendon Todd,363,178,185
2016,185,0,24494,Erik Compton,366,183,183
2015,1,0,21528,Henrik Stenson,2,1,1
2015,2,0,34265,Will Wilcox,6,2,4
2015,3,0,31557,Jim Herman,11,9,2
2015,4,0,25364,Paul Casey,13,8,5
2015,4,0,22405,Justin Rose,13,4,9
2015,6,0,25900,Lucas Glover,21,11,10
2015,7,0,27436,Graham DeLaet,27,5,22
2015,8,0,24502,Adam Scott,31,15,16
2015,9,0,32839,Hideki Matsuyama,33,12,21
2015,10,0,29420,Billy Horschel,36,18,18
2015,11,0,30946,Alex Prugh,40,29,11
2015,11,0,26476,Chez Reavie,40,25,15
2015,13,0,27214,Kevin Streelman,41,16,25
2015,14,0,40026,Daniel Berger,48,18,30
2015,15,0,25198,Francesco Molinari,49,43,6
2015,15,0,34264,Hudson Swafford,49,10,39
2015,17,0,29518,Brendan Steele,56,16,40
2015,18,0,25686,Jason Dufner,58,34,24
2015,19,0,36689,Brooks Koepka,59,42,17
2015,19,0,33418,Shawn Stefani,59,27,32
2015,21,0,33141,Keegan Bradley,63,3,60
2015,21,0,25804,Bubba Watson,63,44,19
2015,23,0,33122,Russell Knox,65,58,7
2015,24,0,28089,Jason Day,67,60,7
2015,25,0,33448,Justin Thomas,68,41,27
2015,26,0,28780,Nicholas Thompson,69,33,36
2015,27,0,35541,John Peterson,72,31,41
2015,28,0,29221,Webb Simpson,73,20,53
2015,29,0,24924,Bill Haas,75,44,31
2015,30,0,34098,Russell Henley,76,7,69
2015,30,0,34431,Robert Streb,76,53,23
2015,32,0,26329,Louis Oosthuizen,77,34,43
2015,33,0,1706,Davis Love III,78,14,64
2015,34,0,10809,Jim Furyk,80,66,14
2015,35,0,22892,Jason Gore,81,20,61
2015,36,0,24024,Zach Johnson,86,49,37
2015,37,0,27466,Spencer Levin,89,44,45
2015,38,0,33413,Ben Martin,90,56,34
2015,38,0,20645,John Senden,90,22,68
2015,40,0,26951,Johnson Wagner,92,66,26
2015,41,0,21209,Sergio Garcia,93,34,59
2015,42,0,26289,Boo Weekley,94,39,55
2015,43,0,37273,Derek Ernst,100,12,88
2015,43,0,27933,John Merrick,100,44,56
2015,45,0,34046,Jordan Spieth,101,52,49
2015,46,0,23353,J.J. Henry,102,89,13
2015,47,0,24507,Jason Bohn,108,80,28
2015,48,0,12510,Chad Campbell,109,74,35
2015,48,0,20691,Greg Owen,109,89,20
2015,50,0,33667,Carlos Ortiz,112,38,74
2015,51,0,27095,Nick Watney,119,53,66
2015,52,0,36699,Patrick Rodgers,121,44,77
2015,52,0,20396,Lee Westwood,121,32,89
2015,54,0,24925,Jonathan Byrd,122,57,65
2015,55,0,32334,Charlie Beljan,123,6,117
2015,56,0,28486,Michael Putnam,124,112,12
2015,57,0,23548,Bill Lunde,126,93,33
2015,58,0,32102,Rickie Fowler,128,22,106
2015,59,0,29478,Kevin Kisner,129,34,95
2015,59,0,30944,Jason Kokrak,129,62,67
2015,59,0,24361,Pat Perez,129,81,48
2015,62,0,32366,Kevin Chappell,130,27,103
2015,63,0,30925,Dustin Johnson,132,62,70
2015,64,0,23320,Ryan Palmer,133,58,75
2015,65,0,33399,Adam Hadwin,134,49,85
2015,66,0,20229,Stewart Cink,135,132,3
2015,67,0,34099,Harris English,139,69,70
2015,67,0,29725,Tony Finau,139,82,57
2015,67,0,31202,William McGirt,139,89,50
2015,70,0,23638,Brendon de Jonge,140,78,62
2015,71,0,28500,Martin Flores,142,101,41
2015,72,0,27936,Martin Laird,145,51,94
2015,73,0,27644,Brian Harman,147,66,81
2015,73,0,30711,Colt Knost,147,84,63
2015,75,0,25818,Scott Piercy,149,69,80
2015,76,0,21961,Charles Howell III,150,112,38
2015,76,0,31323,Gary Woodland,150,71,79
2015,78,0,29223,Sam Saunders,151,26,125
2015,79,0,26331,Charl Schwartzel,152,24,128
2015,80,0,20771,Steven Alker,159,75,84
2015,81,0,32448,James Hahn,160,62,98
2015,81,0,34409,David Lingmerth,160,30,130
2015,81,0,35451,Scott Pinckney,160,103,57
2015,84,0,35545,Blayne Barber,165,75,90
2015,85,0,12716,Charley Hoffman,168,71,97
2015,86,0,23108,Matt Kuchar,169,84,85
2015,87,0,22056,Cameron Percy,170,116,54
2015,88,0,23621,Rory Sabbatini,171,119,52
2015,88,0,28023,Byron Smith,171,143,28
2015,90,0,26596,Ryan Moore,176,53,123
2015,91,0,22046,Geoff Ogilvy,178,93,85
2015,92,0,29535,Brice Garnett,183,140,43
2015,92,0,24140,Sean O'Hair,183,39,144
2015,94,0,24490,George McNeill,184,93,91
2015,95,0,26758,David Hearn,185,138,47
2015,96,0,8075,Jerry Kelly,186,82,104
2015,97,0,23623,Bo Van Pelt,189,116,73
2015,98,0,21878,Mark Wilson,191,140,51
2015,99,0,24781,Hunter Mahan,194,87,107
2015,100,0,29720,Andres Gonzales,195,114,81
2015,101,0,36801,Mark Hubbard,197,122,75
2015,102,0,29476,Kyle Reifers,199,127,72
2015,103,0,26300,Matt Jones,207,60,147
2015,104,0,34174,John Huh,210,78,132
2015,105,0,6567,Vijay Singh,211,116,95
2015,105,0,30927,Brendon Todd,211,93,118
2015,107,0,33419,Cameron Tringale,212,75,137
2015,108,0,25369,Jamie Donaldson,215,65,150
2015,109,0,37454,Whee Kim,217,171,46
2015,110,0,32200,Roberto Castro,218,119,99
2015,110,0,24138,Ian Poulter,218,110,108
2015,112,0,24358,Robert Garrigus,219,71,148
2015,113,0,34130,Sung Joon Park,220,87,133
2015,114,0,27064,Jhonattan Vegas,221,101,120
2015,115,0,25632,Jimmy Walker,222,121,101
2015,116,0,34262,Jon Curran,227,134,93
2015,117,0,2206,David Toms,228,93,135
2015,118,0,25892,Steve Wheatcroft,229,93,136
2015,119,0,10885,Robert Allenby,230,149,81
2015,120,0,29479,Scott Brown,231,105,126
2015,121,0,35532,Tom Hoge,232,130,102
2015,122,0,27963,Chris Stroud,234,122,112
2015,123,0,40058,Zac Blair,238,122,116
2015,123,0,27141,J.B. Holmes,238,84,154
2015,125,0,20848,Ángel Cabrera,239,108,131
2015,126,0,20472,Alex Cejka,241,132,109
2015,126,0,29926,Danny Lee,241,130,111
2015,128,0,23800,Bryce Molder,244,125,119
2015,129,0,20104,Ken Duke,254,108,146
2015,129,0,27649,Brandt Snedeker,254,125,129
2015,131,0,25720,Chad Collins,256,156,100
2015,131,0,30736,Oscar Fraustro,256,93,163
2015,133,0,28132,Tyrone Van Aswegen,257,180,77
2015,134,0,26851,Marc Leishman,260,147,113
2015,135,0,30852,Ryo Ishikawa,262,170,92
2015,136,0,25191,Gonzalo Fernandez-Castaño,264,115,149
2015,136,0,10860,Justin Leonard,264,93,171
2015,136,0,31560,Brian Stuard,264,103,161
2015,139,0,29289,S.Y. Noh,265,160,105
2015,139,0,25834,Daniel Summerhays,265,152,113
2015,141,0,1810,Phil Mickelson,266,89,177
2015,142,0,29222,Billy Hurley III,267,145,122
2015,143,0,25274,Steven Bowditch,269,111,158
2015,143,0,33486,Roger Sloan,269,105,164
2015,145,0,30692,Scott Stallings,272,145,127
2015,146,0,22293,Heath Slocum,274,105,169
2015,147,0,32150,Michael Thompson,279,158,121
2015,148,0,28475,Jeff Overton,281,172,109
2015,149,0,30926,Chris Kirk,283,144,139
2015,150,0,6522,Ernie Els,292,152,140
2015,151,0,23983,Luke Donald,294,179,115
2015,152,0,32640,Troy Merritt,295,136,159
2015,153,0,28259,Sangmoon Bae,296,128,168
2015,154,0,25493,Nick Taylor,297,155,142
2015,155,0,23541,Ben Crane,298,138,160
2015,156,0,31193,Jim Renner,299,176,123
2015,157,0,25345,Carl Pettersson,300,134,166
2015,158,0,21753,Brian Davis,302,128,174
2015,158,0,25396,Kevin Na,302,164,138
2015,160,0,34261,Scott Langley,303,169,134
2015,160,0,34360,Patrick Reed,303,162,141
2015,162,0,39977,Max Homa,304,137,167
2015,163,0,34563,Chesson Hadley,308,152,156
2015,164,0,24357,K.J. Choi,309,158,151
2015,165,0,20593,Greg Chalmers,312,160,152
2015,166,0,24494,Erik Compton,318,156,162
2015,167,0,34358,Jonathan Randolph,319,176,143
2015,168,0,33461,Morgan Hoffmann,320,140,180
2015,169,0,27895,Jonas Blixt,321,151,170
2015,169,0,29425,Andrew Svoboda,321,166,155
2015,171,0,20157,Retief Goosen,322,147,175
2015,172,0,28679,Fabián Gómez,324,167,157
2015,173,0,25562,Andres Romero,325,149,176
2015,174,0,35539,Luke Guthrie,327,174,153
2015,174,0,25240,D.A. Points,327,182,145
2015,176,0,27770,Camilo Villegas,333,168,165
2015,177,0,25349,Tim Wilkinson,335,162,173
2015,178,0,22371,Aaron Baddeley,337,165,172
2015,179,0,31416,Derek Fathauer,353,175,178
2015,180,0,20766,Padraig Harrington,354,173,181
2015,181,0,23048,Eric Axley,357,178,179
2015,182,0,28307,Matt Every,364,180,184
2015,183,0,24846,Ricky Barnes,365,183,182
2015,184,0,34256,Andrew Putnam,367,184,183
2014,1,0,21528,Henrik Stenson,10,2,8
2014,2,0,27436,Graham DeLaet,12,9,3
2014,3,0,29420,Billy Horschel,15,11,4
2014,3,0,34264,Hudson Swafford,15,4,11
2014,5,0,27064,Jhonattan Vegas,19,12,7
2014,6,0,24502,Adam Scott,20,10,10
2014,7,0,28237,Rory McIlroy,22,16,6
2014,8,0,25444,Justin Hicks,29,27,2
2014,9,0,23353,J.J. Henry,32,27,5
2014,10,0,26679,Kevin Stadler,33,24,9
2014,11,0,32366,Kevin Chappell,34,6,28
2014,12,0,26289,Boo Weekley,35,15,20
2014,13,0,25900,Lucas Glover,38,1,37
2014,13,0,25804,Bubba Watson,38,14,24
2014,15,0,27095,Nick Watney,44,12,32
2014,16,0,12510,Chad Campbell,45,44,1
2014,16,0,21209,Sergio Garcia,45,31,14
2014,18,0,24781,Hunter Mahan,49,3,46
2014,19,0,34099,Harris English,50,33,17
2014,20,0,24924,Bill Haas,51,36,15
2014,21,0,33141,Keegan Bradley,54,8,46
2014,22,0,27933,John Merrick,55,36,19
2014,23,0,33122,Russell Knox,60,38,22
2014,24,0,26596,Ryan Moore,61,38,23
2014,24,0,34265,Will Wilcox,61,19,42
2014,26,0,29425,Andrew Svoboda,62,44,18
2014,26,0,23623,Bo Van Pelt,62,46,16
2014,28,0,30110,Kyle Stanley,64,20,44
2014,29,0,33418,Shawn Stefani,66,6,60
2014,30,0,26329,Louis Oosthuizen,72,18,54
2014,31,0,30925,Dustin Johnson,73,52,21
2014,32,0,10809,Jim Furyk,74,62,12
2014,32,0,20645,John Senden,74,49,25
2014,34,0,31323,Gary Woodland,78,27,51
2014,35,0,31557,Jim Herman,80,25,55
2014,35,0,28780,Nicholas Thompson,80,34,46
2014,37,0,24024,Zach Johnson,82,51,31
2014,37,0,33413,Ben Martin,82,20,62
2014,39,0,27936,Martin Laird,83,25,58
2014,40,0,2206,David Toms,94,81,13
2014,41,0,12716,Charley Hoffman,96,61,35
2014,42,0,23108,Matt Kuchar,97,57,40
2014,42,0,24912,Will MacKenzie,97,27,70
2014,44,0,28486,Michael Putnam,98,62,36
2014,45,0,29518,Brendan Steele,101,48,53
2014,46,0,23320,Ryan Palmer,103,57,46
2014,47,0,22405,Justin Rose,106,65,41
2014,48,0,22293,Heath Slocum,109,76,33
2014,49,0,34431,Robert Streb,111,42,69
2014,50,0,32334,Charlie Beljan,116,34,82
2014,51,0,25834,Daniel Summerhays,118,76,42
2014,52,0,27770,Camilo Villegas,120,81,39
2014,53,0,21961,Charles Howell III,121,95,26
2014,54,0,23638,Brendon de Jonge,125,22,103
2014,55,0,29479,Scott Brown,127,38,89
2014,55,0,20104,Ken Duke,127,93,34
2014,57,0,35541,John Peterson,131,60,71
2014,57,0,25345,Carl Pettersson,131,85,46
2014,59,0,37273,Derek Ernst,133,5,128
2014,59,0,27330,Josh Teater,133,47,86
2014,61,0,25364,Paul Casey,136,71,65
2014,62,0,27408,Martin Kaymer,137,38,99
2014,62,0,32150,Michael Thompson,137,69,68
2014,64,0,26758,David Hearn,138,83,55
2014,65,0,24358,Robert Garrigus,140,56,84
2014,66,0,32102,Rickie Fowler,142,42,100
2014,67,0,20848,Ángel Cabrera,144,54,90
2014,68,0,29222,Billy Hurley III,146,83,63
2014,69,0,36689,Brooks Koepka,147,57,90
2014,69,0,32839,Hideki Matsuyama,147,31,116
2014,69,0,25632,Jimmy Walker,147,119,28
2014,72,0,29221,Webb Simpson,149,72,77
2014,73,0,30944,Jason Kokrak,150,76,74
2014,74,0,29740,Brad Fritsch,152,65,87
2014,75,0,25572,Graeme McDowell,153,88,65
2014,76,0,25686,Jason Dufner,154,95,59
2014,76,0,27214,Kevin Streelman,154,17,137
2014,78,0,20229,Stewart Cink,156,99,57
2014,79,0,26851,Marc Leishman,159,79,80
2014,80,0,10885,Robert Allenby,164,137,27
2014,80,0,27556,Ted Potter Jr.,164,79,85
2014,82,0,34021,Bud Cauley,165,135,30
2014,82,0,27963,Chris Stroud,165,85,80
2014,84,0,1724,Jeff Maggert,166,99,67
2014,85,0,24490,George McNeill,167,106,61
2014,85,0,29289,S.Y. Noh,167,129,38
2014,85,0,33419,Cameron Tringale,167,122,45
2014,88,0,34174,John Huh,168,62,106
2014,89,0,1706,Davis Love III,170,70,100
2014,90,0,28089,Jason Day,171,53,118
2014,91,0,28500,Martin Flores,172,120,52
2014,92,0,34098,Russell Henley,178,22,156
2014,92,0,30926,Chris Kirk,178,49,129
2014,94,0,29926,Danny Lee,179,75,104
2014,94,0,35732,Wes Roach,179,67,112
2014,96,0,26331,Charl Schwartzel,180,54,126
2014,97,0,6567,Vijay Singh,181,108,73
2014,98,0,29478,Kevin Kisner,187,111,76
2014,99,0,24925,Jonathan Byrd,189,94,95
2014,99,0,8075,Jerry Kelly,189,118,71
2014,101,0,20396,Lee Westwood,191,68,123
2014,102,0,29461,Jamie Lovemark,193,99,94
2014,103,0,31560,Brian Stuard,194,72,122
2014,104,0,23135,Tim Clark,195,85,110
2014,105,0,32333,Kevin Tway,206,99,107
2014,106,0,24507,Jason Bohn,208,111,97
2014,107,0,22378,Trevor Immelman,215,138,77
2014,108,0,1810,Phil Mickelson,217,138,79
2014,109,0,25396,Kevin Na,218,120,98
2014,110,0,23621,Rory Sabbatini,219,145,74
2014,111,0,27466,Spencer Levin,220,111,109
2014,112,0,31202,William McGirt,222,117,105
2014,112,0,32640,Troy Merritt,222,135,87
2014,114,0,22913,John Rollins,223,127,96
2014,115,0,26300,Matt Jones,225,88,137
2014,115,0,21878,Mark Wilson,225,88,137
2014,117,0,27644,Brian Harman,227,116,111
2014,118,0,28475,Jeff Overton,228,164,64
2014,119,0,29535,Brice Garnett,230,147,83
2014,119,0,30927,Brendon Todd,230,111,119
2014,121,0,32448,James Hahn,231,111,120
2014,121,0,22046,Geoff Ogilvy,231,131,100
2014,121,0,27649,Brandt Snedeker,231,95,136
2014,124,0,30692,Scott Stallings,232,92,140
2014,125,0,23541,Ben Crane,235,105,130
2014,125,0,27141,J.B. Holmes,235,72,163
2014,127,0,35300,Andrew Loupe,236,95,141
2014,128,0,24140,Sean O'Hair,238,106,132
2014,129,0,25274,Steven Bowditch,241,108,133
2014,130,0,30750,Tommy Gainey,246,129,117
2014,130,0,24663,Y.E. Yang,246,88,158
2014,132,0,28259,Sangmoon Bae,249,103,146
2014,132,0,24846,Ricky Barnes,249,157,92
2014,134,0,30852,Ryo Ishikawa,251,159,92
2014,135,0,24361,Pat Perez,254,147,107
2014,136,0,24138,Ian Poulter,261,108,153
2014,137,0,20498,Briny Baird,263,133,130
2014,137,0,21753,Brian Davis,263,103,160
2014,137,0,34409,David Lingmerth,263,128,135
2014,140,0,34261,Scott Langley,268,154,114
2014,141,0,22621,Ben Curtis,272,122,150
2014,142,0,25240,D.A. Points,273,125,148
2014,142,0,34360,Patrick Reed,273,149,124
2014,144,0,28132,Tyrone Van Aswegen,277,164,113
2014,145,0,35539,Luke Guthrie,278,152,126
2014,146,0,26951,Johnson Wagner,282,167,115
2014,147,0,20157,Retief Goosen,285,161,124
2014,148,0,24357,K.J. Choi,287,133,154
2014,149,0,33461,Morgan Hoffmann,289,142,147
2014,150,0,32200,Roberto Castro,291,122,169
2014,151,0,27120,Troy Matteson,293,138,155
2014,151,0,23800,Bryce Molder,293,172,121
2014,153,0,23983,Luke Donald,294,150,144
2014,153,0,34563,Chesson Hadley,294,151,143
2014,155,0,28092,D.H. Lee,297,125,172
2014,156,0,34046,Jordan Spieth,298,146,152
2014,157,0,35139,Richard Lee,302,131,171
2014,158,0,28307,Matt Every,303,169,134
2014,159,0,25191,Gonzalo Fernandez-Castaño,304,138,166
2014,160,0,31193,Jim Renner,311,163,148
2014,161,0,20098,Stuart Appleby,312,167,145
2014,161,0,25562,Andres Romero,312,144,168
2014,163,0,24494,Erik Compton,313,171,142
2014,163,0,21731,Freddie Jacobson,313,162,151
2014,165,0,26956,Bronson La'Cassie,316,155,161
2014,166,0,6522,Ernie Els,317,158,159
2014,167,0,10860,Justin Leonard,319,143,176
2014,168,0,7867,Woody Austin,323,156,167
2014,168,0,25349,Tim Wilkinson,323,166,157
2014,170,0,22371,Aaron Baddeley,326,152,174
2014,171,0,27895,Jonas Blixt,332,170,162
2014,172,0,19846,Brian Gay,335,160,175
2014,173,0,23409,James Driscoll,340,176,164
2014,173,0,20160,Charlie Wi,340,175,165
2014,175,0,25720,Chad Collins,344,174,170
2014,176,0,20593,Greg Chalmers,346,173,173
2014,177,0,10423,Mike Weir,354,177,177
2013,1,0,27436,Graham DeLaet,4,1,3
2013,1,0,21528,Henrik Stenson,4,3,1
2013,3,0,22405,Justin Rose,13,4,9
2013,3,0,26289,Boo Weekley,13,7,6
2013,5,0,31557,Jim Herman,21,5,16
2013,5,0,6527,Steve Stricker,21,19,2
2013,7,0,24502,Adam Scott,25,14,11
2013,8,0,26679,Kevin Stadler,26,18,8
2013,9,0,25804,Bubba Watson,27,22,5
2013,10,0,23788,D.J. Trahan,28,10,18
2013,11,0,23638,Brendon de Jonge,33,23,10
2013,11,0,29420,Billy Horschel,33,6,27
2013,11,0,24781,Hunter Mahan,33,8,25
2013,11,0,28780,Nicholas Thompson,33,13,20
2013,15,0,27095,Nick Watney,39,26,13
2013,16,0,8793,Tiger Woods,41,17,24
2013,17,0,34046,Jordan Spieth,45,8,37
2013,18,0,33141,Keegan Bradley,51,2,49
2013,19,0,25444,Justin Hicks,60,48,12
2013,20,0,30110,Kyle Stanley,61,29,32
2013,21,0,27503,Steve LeBrun,64,36,28
2013,21,0,26476,Chez Reavie,64,24,40
2013,23,0,25686,Jason Dufner,65,39,26
2013,24,0,30163,Henrik Norlander,66,35,31
2013,25,0,27214,Kevin Streelman,70,16,54
2013,26,0,23353,J.J. Henry,72,55,17
2013,27,0,24024,Zach Johnson,73,58,15
2013,28,0,25900,Lucas Glover,74,20,54
2013,29,0,6573,Brandt Jobe,75,11,64
2013,30,0,26300,Matt Jones,76,12,64
2013,31,0,32200,Roberto Castro,77,44,33
2013,32,0,21209,Sergio Garcia,79,50,29
2013,32,0,24361,Pat Perez,79,61,18
2013,32,0,31323,Gary Woodland,79,43,36
2013,35,0,27330,Josh Teater,81,31,50
2013,36,0,6567,Vijay Singh,82,75,7
2013,37,0,34174,John Huh,83,38,45
2013,38,0,32366,Kevin Chappell,87,27,60
2013,38,0,23621,Rory Sabbatini,87,64,23
2013,40,0,33419,Cameron Tringale,89,54,35
2013,41,0,22913,John Rollins,91,61,30
2013,42,0,24924,Bill Haas,95,74,21
2013,43,0,10809,Jim Furyk,98,84,14
2013,43,0,33869,Eric Meierdierks,98,50,48
2013,45,0,26331,Charl Schwartzel,99,27,72
2013,46,0,23320,Ryan Palmer,104,48,56
2013,47,0,24846,Ricky Barnes,106,102,4
2013,48,0,29740,Brad Fritsch,109,63,46
2013,49,0,29518,Brendan Steele,111,45,66
2013,49,0,34431,Robert Streb,111,29,82
2013,51,0,29221,Webb Simpson,112,69,43
2013,52,0,21878,Mark Wilson,113,57,56
2013,53,0,23452,Nicolas Colsaerts,116,78,38
2013,53,0,20396,Lee Westwood,116,25,91
2013,55,0,24490,George McNeill,120,31,89
2013,56,0,30925,Dustin Johnson,123,84,39
2013,57,0,28237,Rory McIlroy,125,39,86
2013,58,0,34099,Harris English,127,64,63
2013,59,0,1724,Jeff Maggert,128,81,47
2013,60,0,12510,Chad Campbell,134,100,34
2013,61,0,24358,Robert Garrigus,135,77,58
2013,61,0,12716,Charley Hoffman,135,50,85
2013,63,0,35139,Richard Lee,136,84,52
2013,63,0,23623,Bo Van Pelt,136,55,81
2013,65,0,34098,Russell Henley,137,21,116
2013,66,0,32334,Charlie Beljan,138,33,105
2013,67,0,28089,Jason Day,141,45,96
2013,68,0,22056,Cameron Percy,142,66,76
2013,69,0,20691,Greg Owen,143,66,77
2013,70,0,31560,Brian Stuard,144,69,75
2013,71,0,28092,D.H. Lee,145,78,67
2013,71,0,29425,Andrew Svoboda,145,75,70
2013,73,0,26596,Ryan Moore,150,36,114
2013,73,0,23325,Vaughn Taylor,150,15,135
2013,75,0,27770,Camilo Villegas,151,111,40
2013,76,0,30692,Scott Stallings,154,50,104
2013,77,0,29479,Scott Brown,163,45,118
2013,78,0,27936,Martin Laird,164,34,130
2013,79,0,27556,Ted Potter Jr.,165,58,107
2013,80,0,20645,John Senden,167,99,68
2013,81,0,28455,Will Claxton,168,90,78
2013,81,0,36884,Ben Kohles,168,78,90
2013,83,0,30944,Jason Kokrak,170,90,80
2013,84,0,24357,K.J. Choi,174,103,71
2013,84,0,23497,Tag Ridings,174,100,74
2013,86,0,20229,Stewart Cink,175,153,22
2013,87,0,28679,Fabián Gómez,176,58,118
2013,88,0,21961,Charles Howell III,177,135,42
2013,88,0,8075,Jerry Kelly,177,90,87
2013,90,0,1320,Bob Estes,178,81,97
2013,90,0,28500,Martin Flores,178,94,84
2013,92,0,25632,Jimmy Walker,179,118,61
2013,93,0,22806,Doug LaBelle II,180,69,111
2013,93,0,34409,David Lingmerth,180,42,138
2013,95,0,27408,Martin Kaymer,187,88,99
2013,96,0,33461,Morgan Hoffmann,190,87,103
2013,97,0,37273,Derek Ernst,191,69,122
2013,97,0,32448,James Hahn,191,90,101
2013,97,0,30926,Chris Kirk,191,122,69
2013,100,0,20098,Stuart Appleby,195,103,92
2013,101,0,22378,Trevor Immelman,199,146,53
2013,102,0,27933,John Merrick,205,155,50
2013,102,0,27649,Brandt Snedeker,205,126,79
2013,104,0,1810,Phil Mickelson,207,164,43
2013,105,0,24663,Y.E. Yang,210,66,144
2013,106,0,30852,Ryo Ishikawa,212,150,62
2013,107,0,20848,Ángel Cabrera,213,118,95
2013,108,0,8725,Tom Gillis,214,39,175
2013,109,0,28475,Jeff Overton,219,121,98
2013,110,0,24494,Erik Compton,221,128,93
2013,111,0,28307,Matt Every,223,140,83
2013,111,0,25834,Daniel Summerhays,223,115,108
2013,113,0,27120,Troy Matteson,224,124,100
2013,114,0,21753,Brian Davis,226,69,157
2013,114,0,31202,William McGirt,226,138,88
2013,116,0,1116,Michael Bradley,230,171,59
2013,117,0,32102,Rickie Fowler,232,98,134
2013,117,0,25572,Graeme McDowell,232,88,144
2013,117,0,20572,Rod Pampling,232,126,106
2013,120,0,29289,S.Y. Noh,233,118,115
2013,121,0,24507,Jason Bohn,234,125,109
2013,122,0,20104,Ken Duke,235,94,141
2013,123,0,23108,Matt Kuchar,236,163,73
2013,123,0,2206,David Toms,236,106,130
2013,125,0,33418,Shawn Stefani,237,108,129
2013,126,0,24140,Sean O'Hair,243,83,160
2013,127,0,20443,Jin Park,245,108,137
2013,128,0,27129,Luke List,246,97,149
2013,128,0,10213,Dicky Pride,246,136,110
2013,130,0,26851,Marc Leishman,250,156,94
2013,131,0,23135,Tim Clark,253,94,159
2013,132,0,26758,David Hearn,259,158,101
2013,132,0,25240,D.A. Points,259,116,143
2013,134,0,23800,Bryce Molder,261,133,128
2013,134,0,25818,Scott Piercy,261,111,150
2013,136,0,25345,Carl Pettersson,262,108,154
2013,137,0,27644,Brian Harman,263,117,146
2013,138,0,25274,Steven Bowditch,264,103,161
2013,138,0,22295,Darron Stiles,264,111,153
2013,140,0,24399,Scott Gardiner,267,150,117
2013,140,0,19970,Robert Karlsson,267,128,139
2013,140,0,34360,Patrick Reed,267,142,125
2013,143,0,24138,Ian Poulter,268,132,136
2013,144,0,34021,Bud Cauley,269,143,126
2013,145,0,32698,Bobby Gates,270,128,142
2013,146,0,22961,David Mathis,271,138,133
2013,147,0,34261,Scott Langley,272,152,120
2013,148,0,27963,Chris Stroud,274,161,113
2013,149,0,22792,Peter Hanson,275,106,169
2013,150,0,35539,Luke Guthrie,279,147,132
2013,151,0,23541,Ben Crane,280,159,121
2013,151,0,10860,Justin Leonard,280,140,140
2013,153,0,20160,Charlie Wi,287,111,176
2013,154,0,22046,Geoff Ogilvy,288,133,155
2013,155,0,26951,Johnson Wagner,289,177,112
2013,156,0,25562,Andres Romero,290,122,168
2013,157,0,28259,Sangmoon Bae,292,165,127
2013,158,0,23409,James Driscoll,294,170,124
2013,159,0,30711,Colt Knost,295,131,164
2013,160,0,22621,Ben Curtis,297,174,123
2013,161,0,28135,Aaron Watkins,299,147,152
2013,162,0,23983,Luke Donald,300,144,156
2013,163,0,6522,Ernie Els,310,147,163
2013,164,0,10885,Robert Allenby,315,167,148
2013,165,0,30750,Tommy Gainey,316,144,172
2013,165,0,19846,Brian Gay,316,136,180
2013,167,0,25336,Alistair Presnell,319,168,151
2013,168,0,21099,David Lynn,322,175,147
2013,168,0,32150,Michael Thompson,322,160,162
2013,170,0,20593,Greg Chalmers,323,156,167
2013,171,0,20766,Padraig Harrington,328,154,174
2013,172,0,21731,Freddie Jacobson,331,166,165
2013,173,0,24227,Justin Bolli,332,162,170
2013,174,0,26497,Casey Wittenberg,337,179,158
2013,175,0,28310,Lee Williams,340,175,165
2013,176,0,6004,Stephen Ames,342,172,170
2013,177,0,27895,Jonas Blixt,346,173,173
2013,178,0,22371,Aaron Baddeley,347,169,178
2013,179,0,12782,Tim Herron,355,178,177
2013,180,0,10423,Mike Weir,359,180,179
2012,1,0,26289,Boo Weekley,6,1,5
2012,2,0,25686,Jason Dufner,12,4,8
2012,3,0,24781,Hunter Mahan,14,2,12
2012,4,0,22405,Justin Rose,16,15,1
2012,4,0,20396,Lee Westwood,16,13,3
2012,6,0,26329,Louis Oosthuizen,22,7,15
2012,7,0,27933,John Merrick,23,13,10
2012,8,0,20645,John Senden,27,11,16
2012,9,0,28455,Will Claxton,30,19,11
2012,10,0,29420,Billy Horschel,31,17,14
2012,11,0,25804,Bubba Watson,33,31,2
2012,12,0,8793,Tiger Woods,35,6,29
2012,13,0,32200,Roberto Castro,36,18,18
2012,13,0,26679,Kevin Stadler,36,10,26
2012,15,0,23623,Bo Van Pelt,43,3,40
2012,16,0,33122,Russell Knox,50,44,6
2012,17,0,27330,Josh Teater,54,23,31
2012,18,0,35139,Richard Lee,56,36,20
2012,19,0,24358,Robert Garrigus,59,52,7
2012,20,0,24140,Sean O'Hair,62,41,21
2012,21,0,33141,Keegan Bradley,63,11,52
2012,21,0,20691,Greg Owen,63,46,17
2012,23,0,27770,Camilo Villegas,64,60,4
2012,24,0,34099,Harris English,65,38,27
2012,25,0,23638,Brendon de Jonge,67,59,8
2012,26,0,30110,Kyle Stanley,68,27,41
2012,27,0,27436,Graham DeLaet,69,23,46
2012,28,0,29289,S.Y. Noh,72,39,33
2012,29,0,33419,Cameron Tringale,77,29,48
2012,30,0,24502,Adam Scott,78,28,50
2012,31,0,12716,Charley Hoffman,80,19,61
2012,32,0,22913,John Rollins,81,9,72
2012,33,0,34174,John Huh,82,25,57
2012,34,0,32334,Charlie Beljan,90,34,56
2012,35,0,10809,Jim Furyk,97,74,23
2012,36,0,26596,Ryan Moore,100,39,61
2012,36,0,22293,Heath Slocum,100,76,24
2012,38,0,23353,J.J. Henry,101,79,22
2012,38,0,25572,Graeme McDowell,101,34,67
2012,38,0,6567,Vijay Singh,101,32,69
2012,41,0,26287,Roland Thatcher,105,80,25
2012,42,0,28475,Jeff Overton,106,43,63
2012,42,0,30692,Scott Stallings,106,47,59
2012,44,0,29476,Kyle Reifers,109,76,33
2012,45,0,25834,Daniel Summerhays,110,82,28
2012,46,0,29910,Blake Adams,111,33,78
2012,46,0,23204,Gary Christian,111,69,42
2012,48,0,22621,Ben Curtis,113,100,13
2012,48,0,32102,Rickie Fowler,113,15,98
2012,48,0,27214,Kevin Streelman,113,44,69
2012,51,0,28237,Rory McIlroy,114,54,60
2012,52,0,24924,Bill Haas,115,22,93
2012,53,0,28087,Kris Blanks,117,72,45
2012,54,0,6573,Brandt Jobe,118,8,110
2012,55,0,27095,Nick Watney,122,64,58
2012,56,0,21528,Henrik Stenson,128,41,87
2012,56,0,6527,Steve Stricker,128,109,19
2012,58,0,23788,D.J. Trahan,131,54,77
2012,59,0,24361,Pat Perez,132,36,96
2012,60,0,32698,Bobby Gates,134,49,85
2012,61,0,1724,Jeff Maggert,135,52,83
2012,62,0,27936,Martin Laird,136,47,89
2012,62,0,27060,John Mallinger,136,82,54
2012,64,0,30925,Dustin Johnson,137,56,81
2012,65,0,11123,Chris Couch,138,4,134
2012,66,0,34021,Bud Cauley,140,89,51
2012,67,0,23320,Ryan Palmer,145,51,94
2012,67,0,26476,Chez Reavie,145,72,73
2012,69,0,29221,Webb Simpson,146,114,32
2012,70,0,29518,Brendan Steele,147,58,89
2012,71,0,27644,Brian Harman,148,21,127
2012,72,0,30926,Chris Kirk,149,101,48
2012,73,0,23108,Matt Kuchar,150,64,86
2012,74,0,25818,Scott Piercy,151,69,82
2012,75,0,12510,Chad Campbell,154,115,39
2012,76,0,21209,Sergio Garcia,155,56,99
2012,76,0,8725,Tom Gillis,155,26,129
2012,78,0,23548,Bill Lunde,157,127,30
2012,79,0,24846,Ricky Barnes,158,123,35
2012,80,0,1706,Davis Love III,159,62,97
2012,80,0,25457,Alexandre Rocha,159,115,44
2012,80,0,25892,Steve Wheatcroft,159,90,69
2012,83,0,25240,D.A. Points,160,105,55
2012,84,0,27302,Garth Mulroy,162,67,95
2012,85,0,6036,Scott Dunlap,163,125,38
2012,86,0,20572,Rod Pampling,164,62,102
2012,87,0,2206,David Toms,165,91,74
2012,88,0,26758,David Hearn,166,103,63
2012,88,0,27064,Jhonattan Vegas,166,91,75
2012,90,0,30944,Jason Kokrak,167,91,76
2012,91,0,12782,Tim Herron,168,133,35
2012,92,0,8075,Jerry Kelly,169,85,84
2012,93,0,23541,Ben Crane,172,67,105
2012,93,0,6522,Ernie Els,172,119,53
2012,93,0,1766,Billy Mayfair,172,49,123
2012,96,0,20574,Mathew Goggin,183,146,37
2012,96,0,24024,Zach Johnson,183,82,101
2012,96,0,26331,Charl Schwartzel,183,30,153
2012,99,0,21961,Charles Howell III,185,138,47
2012,100,0,27141,J.B. Holmes,194,80,114
2012,100,0,22046,Geoff Ogilvy,194,61,133
2012,102,0,23135,Tim Clark,202,85,117
2012,102,0,20104,Ken Duke,202,91,111
2012,104,0,20098,Stuart Appleby,204,98,106
2012,105,0,29479,Scott Brown,205,91,114
2012,106,0,25345,Carl Pettersson,213,85,128
2012,107,0,23325,Vaughn Taylor,214,149,65
2012,108,0,20848,Ángel Cabrera,215,74,141
2012,108,0,31323,Gary Woodland,215,91,124
2012,110,0,26951,Johnson Wagner,216,138,78
2012,111,0,24494,Erik Compton,220,66,154
2012,112,0,23983,Luke Donald,221,121,100
2012,113,0,28307,Matt Every,223,155,68
2012,114,0,23718,Nathan Green,224,181,43
2012,114,0,21878,Mark Wilson,224,102,122
2012,116,0,31202,William McGirt,227,162,65
2012,117,0,29926,Danny Lee,230,138,92
2012,118,0,1249,John Daly,232,69,163
2012,119,0,12652,Cameron Beckman,234,145,89
2012,120,0,22582,Kyle Thompson,236,128,108
2012,121,0,20766,Padraig Harrington,237,76,161
2012,122,0,24507,Jason Bohn,242,130,112
2012,123,0,21753,Brian Davis,243,105,138
2012,124,0,10885,Robert Allenby,245,165,80
2012,124,0,26300,Matt Jones,245,136,109
2012,124,0,27963,Chris Stroud,245,105,140
2012,127,0,32366,Kevin Chappell,247,126,121
2012,127,0,27120,Troy Matteson,247,123,124
2012,129,0,25632,Jimmy Walker,250,134,116
2012,130,0,22378,Trevor Immelman,251,112,139
2012,131,0,27556,Ted Potter Jr.,252,110,142
2012,132,0,10213,Dicky Pride,255,142,113
2012,133,0,25396,Kevin Na,256,91,165
2012,133,0,24138,Ian Poulter,256,88,168
2012,135,0,24604,Hunter Haas,259,112,147
2012,136,0,28093,Miguel Angel Carballo,262,156,106
2012,136,0,1797,Rocco Mediate,262,158,104
2012,138,0,24490,George McNeill,263,115,148
2012,139,0,1810,Phil Mickelson,264,144,120
2012,140,0,24357,K.J. Choi,265,128,137
2012,140,0,28308,Troy Kelly,265,119,146
2012,142,0,30750,Tommy Gainey,266,108,158
2012,142,0,27649,Brandt Snedeker,266,134,132
2012,144,0,20623,Gavin Coles,267,148,119
2012,144,0,28089,Jason Day,267,98,169
2012,146,0,28500,Martin Flores,269,143,126
2012,147,0,33120,Mark Anderson,275,146,129
2012,147,0,19970,Robert Karlsson,275,130,145
2012,149,0,30711,Colt Knost,277,115,162
2012,149,0,23800,Bryce Molder,277,174,103
2012,151,0,1116,Michael Bradley,278,190,88
2012,151,0,6251,Chris DiMarco,278,103,175
2012,153,0,21805,Harrison Frazar,281,110,171
2012,154,0,29478,Kevin Kisner,284,130,154
2012,155,0,24940,Edward Loar,285,121,164
2012,156,0,21407,Arjun Atwal,290,161,129
2012,157,0,24925,Jonathan Byrd,292,156,136
2012,158,0,20229,Stewart Cink,294,177,117
2012,159,0,23621,Rory Sabbatini,297,138,159
2012,160,0,27895,Jonas Blixt,303,169,134
2012,161,0,22348,Nick O'Hern,308,165,143
2012,162,0,6004,Stephen Ames,313,153,160
2012,163,0,1320,Bob Estes,319,163,156
2012,163,0,19846,Brian Gay,319,167,152
2012,165,0,20160,Charlie Wi,320,136,184
2012,166,0,25562,Andres Romero,321,151,170
2012,167,0,26851,Marc Leishman,322,172,150
2012,168,0,32150,Michael Thompson,323,179,144
2012,169,0,22961,David Mathis,325,153,172
2012,170,0,23409,James Driscoll,329,172,157
2012,171,0,22548,Patrick Sheehan,331,182,149
2012,172,0,20850,Daniel Chopra,332,149,183
2012,173,0,28259,Sangmoon Bae,333,151,182
2012,174,0,6034,Marco Dawson,335,185,150
2012,175,0,21731,Freddie Jacobson,336,170,166
2012,176,0,20593,Greg Chalmers,339,158,181
2012,177,0,31558,J.J. Killeen,345,167,178
2012,178,0,1941,Tom Pernice Jr.,346,179,167
2012,179,0,22371,Aaron Baddeley,348,158,190
2012,180,0,10860,Justin Leonard,353,177,176
2012,180,0,24663,Y.E. Yang,353,164,189
2012,182,0,23903,Stephen Gangluff,357,171,186
2012,183,0,27797,Derek Lamely,359,182,177
2012,184,0,30852,Ryo Ishikawa,360,175,185
2012,185,0,27974,Sung Kang,362,176,186
2012,185,0,27466,Spencer Levin,362,189,173
2012,187,0,23542,Tommy Biershenk,364,184,180
2012,188,0,21350,Ryuji Imada,365,191,174
2012,188,0,30927,Brendon Todd,365,186,179
2012,190,0,20070,Matt Bettencourt,376,188,188
2012,191,0,29222,Billy Hurley III,377,186,191
2011,1,0,26289,Boo Weekley,5,4,1
2011,2,0,20645,John Senden,13,8,5
2011,3,0,6573,Brandt Jobe,17,3,14
2011,4,0,22913,John Rollins,18,2,16
2011,5,0,24924,Bill Haas,22,11,11
2011,6,0,27933,John Merrick,25,1,24
2011,7,0,20498,Briny Baird,32,17,15
2011,7,0,29221,Webb Simpson,32,24,8
2011,9,0,26476,Chez Reavie,33,7,26
2011,10,0,6621,Joe Durant,34,31,3
2011,10,0,23353,J.J. Henry,34,16,18
2011,12,0,31323,Gary Woodland,35,23,12
2011,13,0,24502,Adam Scott,37,5,32
2011,14,0,23623,Bo Van Pelt,43,9,34
2011,15,0,25804,Bubba Watson,44,35,9
2011,16,0,30110,Kyle Stanley,48,18,30
2011,16,0,23788,D.J. Trahan,48,31,17
2011,18,0,22293,Heath Slocum,53,51,2
2011,19,0,12510,Chad Campbell,55,51,4
2011,20,0,30925,Dustin Johnson,57,30,27
2011,21,0,26679,Kevin Stadler,61,28,33
2011,22,0,27330,Josh Teater,63,10,53
2011,23,0,29420,Billy Horschel,65,18,47
2011,24,0,1706,Davis Love III,68,40,28
2011,24,0,1766,Billy Mayfair,68,45,23
2011,26,0,12716,Charley Hoffman,77,20,57
2011,26,0,24781,Hunter Mahan,77,55,22
2011,28,0,22405,Justin Rose,78,68,10
2011,29,0,26758,David Hearn,79,58,21
2011,30,0,24507,Jason Bohn,83,41,42
2011,31,0,27095,Nick Watney,85,31,54
2011,32,0,27936,Martin Laird,87,26,61
2011,33,0,21753,Brian Davis,88,48,40
2011,34,0,2206,David Toms,90,84,6
2011,35,0,1313,Steve Elkington,94,28,66
2011,36,0,7867,Woody Austin,95,41,54
2011,36,0,33141,Keegan Bradley,95,12,83
2011,38,0,31557,Jim Herman,96,60,36
2011,38,0,20572,Rod Pampling,96,12,84
2011,40,0,26331,Charl Schwartzel,100,21,79
2011,41,0,25572,Graeme McDowell,101,26,75
2011,42,0,28620,Aron Price,106,60,46
2011,43,0,33419,Cameron Tringale,107,65,42
2011,44,0,21961,Charles Howell III,109,90,19
2011,45,0,30692,Scott Stallings,110,50,60
2011,46,0,29910,Blake Adams,111,14,97
2011,46,0,21209,Sergio Garcia,111,55,56
2011,48,0,25686,Jason Dufner,112,60,52
2011,49,0,8725,Tom Gillis,113,45,68
2011,50,0,29518,Brendan Steele,114,15,99
2011,51,0,11123,Chris Couch,115,6,109
2011,51,0,25444,Justin Hicks,115,25,90
2011,53,0,23541,Ben Crane,119,51,68
2011,54,0,30750,Tommy Gainey,120,72,48
2011,55,0,10885,Robert Allenby,123,84,39
2011,55,0,25457,Alexandre Rocha,123,94,29
2011,57,0,10809,Jim Furyk,125,87,38
2011,57,0,23548,Bill Lunde,125,112,13
2011,57,0,21878,Mark Wilson,125,48,77
2011,60,0,27120,Troy Matteson,126,34,92
2011,61,0,25818,Scott Piercy,128,43,85
2011,61,0,27064,Jhonattan Vegas,128,84,44
2011,63,0,23108,Matt Kuchar,129,79,50
2011,64,0,26951,Johnson Wagner,135,90,45
2011,65,0,25900,Lucas Glover,137,55,82
2011,66,0,24361,Pat Perez,138,38,100
2011,67,0,28158,Steve Marino,142,54,88
2011,68,0,23638,Brendon de Jonge,143,78,65
2011,69,0,24604,Hunter Haas,147,76,71
2011,69,0,25345,Carl Pettersson,147,58,89
2011,71,0,10733,Kent Jones,149,76,73
2011,71,0,25240,D.A. Points,149,39,110
2011,73,0,27466,Spencer Levin,152,117,35
2011,73,0,30946,Alex Prugh,152,72,80
2011,75,0,27141,J.B. Holmes,153,90,63
2011,76,0,32698,Bobby Gates,155,37,118
2011,77,0,27974,Sung Kang,159,43,116
2011,78,0,28087,Kris Blanks,161,141,20
2011,79,0,24024,Zach Johnson,164,97,67
2011,79,0,22348,Nick O'Hern,164,106,58
2011,81,0,22378,Trevor Immelman,165,134,31
2011,82,0,6004,Stephen Ames,166,65,101
2011,82,0,24358,Robert Garrigus,166,94,72
2011,82,0,6567,Vijay Singh,166,103,63
2011,82,0,27214,Kevin Streelman,166,72,94
2011,86,0,23983,Luke Donald,168,127,41
2011,87,0,6522,Ernie Els,169,162,7
2011,88,0,8075,Jerry Kelly,170,100,70
2011,89,0,31202,William McGirt,171,146,25
2011,89,0,1810,Phil Mickelson,171,120,51
2011,89,0,31193,Jim Renner,171,64,107
2011,92,0,34255,Joseph Bramlett,182,79,103
2011,92,0,28475,Jeff Overton,182,63,119
2011,94,0,22621,Ben Curtis,184,97,87
2011,94,0,27963,Chris Stroud,184,136,48
2011,96,0,23497,Tag Ridings,187,45,142
2011,97,0,29720,Andres Gonzales,188,65,123
2011,98,0,24846,Ricky Barnes,191,129,62
2011,99,0,33413,Ben Martin,196,79,117
2011,100,0,6527,Steve Stricker,197,119,78
2011,101,0,20472,Alex Cejka,201,127,74
2011,102,0,30926,Chris Kirk,202,144,58
2011,103,0,10585,Scott McCarron,204,21,183
2011,104,0,1116,Michael Bradley,205,168,37
2011,104,0,34072,Will Strickler,205,35,170
2011,104,0,23325,Vaughn Taylor,205,129,76
2011,104,0,26287,Roland Thatcher,205,75,130
2011,108,0,32102,Rickie Fowler,207,87,120
2011,109,0,32366,Kevin Chappell,208,94,114
2011,110,0,28089,Jason Day,210,100,110
2011,110,0,27649,Brandt Snedeker,210,97,113
2011,112,0,24925,Jonathan Byrd,211,120,91
2011,112,0,24490,George McNeill,211,79,132
2011,114,0,25274,Steven Bowditch,212,71,141
2011,115,0,20127,Chris Riley,215,100,115
2011,116,0,28679,Fabián Gómez,218,114,104
2011,117,0,23800,Bryce Molder,223,115,108
2011,118,0,24138,Ian Poulter,228,132,96
2011,119,0,24980,Scott Gutschewski,230,70,160
2011,120,0,20436,Garrett Willis,232,108,124
2011,121,0,24357,K.J. Choi,233,152,81
2011,122,0,26596,Ryan Moore,234,79,155
2011,123,0,22961,David Mathis,237,108,129
2011,123,0,32150,Michael Thompson,237,136,101
2011,125,0,19970,Robert Karlsson,238,90,148
2011,126,0,1577,Lee Janzen,240,87,153
2011,127,0,22371,Aaron Baddeley,241,144,97
2011,127,0,10505,Shane Bertsch,241,115,126
2011,129,0,6643,Paul Goydos,242,122,120
2011,129,0,31401,Zack Miller,242,68,174
2011,131,0,20848,Ángel Cabrera,243,106,137
2011,132,0,6251,Chris DiMarco,244,138,106
2011,132,0,23621,Rory Sabbatini,244,159,85
2011,134,0,12782,Tim Herron,245,153,92
2011,135,0,19846,Brian Gay,253,108,145
2011,135,0,10860,Justin Leonard,253,141,112
2011,137,0,20157,Retief Goosen,257,132,125
2011,137,0,26668,Marc Turnesa,257,162,95
2011,139,0,22046,Geoff Ogilvy,260,103,157
2011,140,0,23409,James Driscoll,261,117,144
2011,141,0,23320,Ryan Palmer,263,124,139
2011,142,0,27939,Matt McQuillan,265,108,157
2011,142,0,24663,Y.E. Yang,265,103,162
2011,144,0,28486,Michael Putnam,266,139,127
2011,145,0,25632,Jimmy Walker,270,134,136
2011,146,0,25562,Andres Romero,272,126,146
2011,147,0,32640,Troy Merritt,274,141,133
2011,148,0,26851,Marc Leishman,278,156,122
2011,149,0,23614,Rich Beem,284,112,172
2011,149,0,23673,Michael Connell,284,146,138
2011,151,0,8375,Paul Stankowski,286,182,104
2011,152,0,21805,Harrison Frazar,288,124,164
2011,153,0,1797,Rocco Mediate,290,122,168
2011,154,0,27770,Camilo Villegas,292,129,163
2011,155,0,20229,Stewart Cink,293,165,128
2011,155,0,9011,David Duval,293,158,135
2011,157,0,20766,Padraig Harrington,298,165,133
2011,158,0,20160,Charlie Wi,299,159,140
2011,159,0,21731,Freddie Jacobson,300,157,143
2011,160,0,25834,Daniel Summerhays,301,151,150
2011,161,0,24140,Sean O'Hair,305,153,152
2011,162,0,27797,Derek Lamely,306,150,156
2011,163,0,21350,Ryuji Imada,309,179,130
2011,164,0,12602,Dean Wilson,310,153,157
2011,165,0,26420,Richard Johnson,316,170,146
2011,165,0,1948,Tim Petrovic,316,149,167
2011,167,0,30711,Colt Knost,317,146,171
2011,168,0,8537,J.P. Hayes,318,140,178
2011,169,0,12652,Cameron Beckman,320,169,151
2011,170,0,21949,Joe Ogilvie,328,167,161
2011,171,0,26300,Matt Jones,329,164,165
2011,172,0,21407,Arjun Atwal,334,185,149
2011,173,0,6515,Shaun Micheel,338,184,154
2011,174,0,23718,Nathan Green,344,178,166
2011,175,0,35087,Bio Kim,345,159,186
2011,176,0,29718,Anthony Kim,347,171,176
2011,177,0,20098,Stuart Appleby,349,174,175
2011,177,0,26881,Jarrod Lyle,349,177,172
2011,179,0,20070,Matt Bettencourt,351,182,169
2011,180,0,32876,Martin Piller,352,171,181
2011,181,0,20593,Greg Chalmers,354,175,179
2011,182,0,29478,Kevin Kisner,355,171,184
2011,183,0,33911,Nate Smith,358,181,177
2011,184,0,7457,Steve Flesch,361,176,185
2011,185,0,24290,D.J. Brigman,362,180,182
2011,186,0,25396,Kevin Na,366,186,180
2010,1,0,23349,Charles Warren,5,1,4
2010,2,0,27436,Graham DeLaet,8,2,6
2010,3,0,20645,John Senden,15,14,1
2010,4,0,6621,Joe Durant,17,14,3
2010,4,0,1706,Davis Love III,17,4,13
2010,6,0,26289,Boo Weekley,21,4,17
2010,7,0,27933,John Merrick,24,10,14
2010,8,0,8375,Paul Stankowski,37,28,9
2010,9,0,6595,Kevin Sutherland,42,40,2
2010,9,0,23788,D.J. Trahan,42,35,7
2010,11,0,24924,Bill Haas,43,22,21
2010,12,0,32102,Rickie Fowler,46,24,22
2010,12,0,1945,Kenny Perry,46,6,40
2010,14,0,24781,Hunter Mahan,52,3,49
2010,15,0,27120,Troy Matteson,54,49,5
2010,16,0,23623,Bo Van Pelt,55,18,37
2010,17,0,28087,Kris Blanks,56,48,8
2010,17,0,27095,Nick Watney,56,26,30
2010,19,0,1313,Steve Elkington,58,11,47
2010,20,0,1766,Billy Mayfair,60,31,29
2010,21,0,23353,J.J. Henry,62,16,46
2010,22,0,28620,Aron Price,64,54,10
2010,23,0,24502,Adam Scott,66,35,31
2010,24,0,20574,Mathew Goggin,68,42,26
2010,25,0,23108,Matt Kuchar,72,38,34
2010,26,0,27302,Garth Mulroy,73,56,17
2010,26,0,22913,John Rollins,73,7,66
2010,26,0,10425,Jay Williamson,73,30,43
2010,29,0,24912,Will MacKenzie,74,18,56
2010,30,0,27330,Josh Teater,76,31,45
2010,31,0,12510,Chad Campbell,77,38,39
2010,32,0,23638,Brendon de Jonge,78,61,17
2010,33,0,20436,Garrett Willis,80,56,24
2010,34,0,20229,Stewart Cink,83,31,52
2010,35,0,21878,Mark Wilson,85,73,12
2010,36,0,22293,Heath Slocum,90,58,32
2010,37,0,23307,Roger Tambellini,91,64,27
2010,38,0,6567,Vijay Singh,95,44,51
2010,39,0,33419,Cameron Tringale,101,86,15
2010,40,0,22946,Henrik Bjornstad,102,64,38
2010,41,0,23541,Ben Crane,103,40,63
2010,42,0,23325,Vaughn Taylor,104,45,59
2010,43,0,25364,Paul Casey,106,58,48
2010,44,0,22056,Cameron Percy,107,96,11
2010,45,0,6527,Steve Stricker,109,49,60
2010,46,0,24361,Pat Perez,110,67,43
2010,47,0,26596,Ryan Moore,112,8,104
2010,48,0,29910,Blake Adams,113,11,102
2010,49,0,10885,Robert Allenby,114,47,67
2010,50,0,20378,Mathias Grönberg,117,18,99
2010,51,0,25900,Lucas Glover,118,28,90
2010,52,0,24925,Jonathan Byrd,121,101,20
2010,53,0,11123,Chris Couch,122,8,114
2010,53,0,23322,Brett Wetterich,122,54,68
2010,53,0,12602,Dean Wilson,122,80,42
2010,56,0,24140,Sean O'Hair,124,61,63
2010,57,0,27936,Martin Laird,126,49,77
2010,58,0,27214,Kevin Streelman,129,25,104
2010,59,0,20691,Greg Owen,130,89,41
2010,59,0,2206,David Toms,130,43,87
2010,59,0,25804,Bubba Watson,130,75,55
2010,62,0,20105,Jeff Gove,131,103,28
2010,63,0,30946,Alex Prugh,135,82,53
2010,64,0,28780,Nicholas Thompson,139,64,75
2010,65,0,30925,Dustin Johnson,140,70,70
2010,65,0,26695,Michael Letzig,140,68,72
2010,67,0,26420,Richard Johnson,141,83,58
2010,67,0,28237,Rory McIlroy,141,21,120
2010,69,0,8725,Tom Gillis,142,11,131
2010,70,0,12716,Charley Hoffman,147,35,112
2010,70,0,1941,Tom Pernice Jr.,147,122,25
2010,72,0,26679,Kevin Stadler,149,79,70
2010,73,0,24357,K.J. Choi,150,94,56
2010,73,0,12705,Cliff Kresge,150,46,104
2010,75,0,8385,Omar Uresti,152,89,63
2010,76,0,25686,Jason Dufner,153,49,104
2010,77,0,8075,Jerry Kelly,156,68,88
2010,78,0,21209,Sergio Garcia,157,34,123
2010,78,0,1797,Rocco Mediate,157,122,35
2010,80,0,28089,Jason Day,159,75,84
2010,80,0,24358,Robert Garrigus,159,73,86
2010,80,0,20157,Retief Goosen,159,26,133
2010,83,0,20498,Briny Baird,160,127,33
2010,83,0,24024,Zach Johnson,160,49,111
2010,85,0,10585,Scott McCarron,163,23,140
2010,86,0,27060,John Mallinger,164,70,94
2010,87,0,6251,Chris DiMarco,166,75,91
2010,87,0,26881,Jarrod Lyle,166,17,149
2010,89,0,27466,Spencer Levin,168,145,23
2010,90,0,27963,Chris Stroud,170,134,36
2010,91,0,22405,Justin Rose,177,58,119
2010,92,0,25818,Scott Piercy,178,96,82
2010,93,0,10809,Jim Furyk,179,86,93
2010,94,0,6004,Stephen Ames,180,101,79
2010,95,0,28158,Steve Marino,184,96,88
2010,96,0,22621,Ben Curtis,185,116,69
2010,97,0,26301,James Nitties,186,70,116
2010,98,0,7867,Woody Austin,188,116,72
2010,99,0,21961,Charles Howell III,193,139,54
2010,99,0,26851,Marc Leishman,193,89,104
2010,101,0,20472,Alex Cejka,195,86,109
2010,101,0,7749,Brett Quigley,195,179,16
2010,101,0,24663,Y.E. Yang,195,61,134
2010,104,0,23135,Tim Clark,198,96,102
2010,105,0,20127,Chris Riley,201,109,92
2010,106,0,28475,Jeff Overton,202,106,96
2010,107,0,24507,Jason Bohn,206,127,79
2010,108,0,1724,Jeff Maggert,212,112,100
2010,108,0,25240,D.A. Points,212,138,74
2010,110,0,26951,Johnson Wagner,228,167,61
2010,111,0,23409,James Driscoll,229,132,97
2010,111,0,27141,J.B. Holmes,229,85,144
2010,111,0,12714,Chris Tidland,229,112,117
2010,114,0,20848,Ángel Cabrera,230,89,141
2010,115,0,1116,Michael Bradley,231,182,49
2010,116,0,6522,Ernie Els,233,158,75
2010,117,0,23320,Ryan Palmer,234,89,145
2010,118,0,22378,Trevor Immelman,241,115,126
2010,119,0,24846,Ricky Barnes,243,181,62
2010,120,0,22371,Aaron Baddeley,245,81,164
2010,120,0,6643,Paul Goydos,245,111,134
2010,122,0,29285,Brent Delahoussaye,246,148,98
2010,122,0,28307,Matt Every,246,84,162
2010,122,0,21731,Freddie Jacobson,246,168,78
2010,125,0,1249,John Daly,248,106,142
2010,125,0,1320,Bob Estes,248,169,79
2010,127,0,1577,Lee Janzen,249,165,84
2010,127,0,1948,Tim Petrovic,249,131,118
2010,127,0,23621,Rory Sabbatini,249,148,101
2010,130,0,27770,Camilo Villegas,252,125,127
2010,131,0,1619,Skip Kendall,254,75,179
2010,132,0,22046,Geoff Ogilvy,255,172,83
2010,132,0,20572,Rod Pampling,255,96,159
2010,134,0,23673,Michael Connell,256,161,95
2010,135,0,12652,Cameron Beckman,259,137,122
2010,135,0,10860,Justin Leonard,259,103,156
2010,137,0,22122,Andrew McLardy,261,129,132
2010,138,0,20160,Charlie Wi,263,153,110
2010,139,0,25190,Jeff Quinney,264,116,148
2010,139,0,25892,Steve Wheatcroft,264,94,170
2010,141,0,1810,Phil Mickelson,271,116,155
2010,142,0,24227,Justin Bolli,272,112,160
2010,143,0,8537,J.P. Hayes,275,145,130
2010,144,0,12782,Tim Herron,276,163,113
2010,144,0,24490,George McNeill,276,148,128
2010,146,0,19846,Brian Gay,277,106,171
2010,147,0,21753,Brian Davis,278,103,175
2010,148,0,25562,Andres Romero,279,122,157
2010,149,0,23548,Bill Lunde,282,143,139
2010,149,0,25396,Kevin Na,282,145,137
2010,151,0,2239,Scott Verplank,284,116,168
2010,152,0,28500,Martin Flores,286,125,161
2010,152,0,26300,Matt Jones,286,135,151
2010,154,0,7363,Craig Bowden,287,109,178
2010,155,0,20663,Brenden Pappas,288,173,115
2010,156,0,29221,Webb Simpson,291,170,121
2010,157,0,25632,Jimmy Walker,293,155,138
2010,158,0,31560,Brian Stuard,294,136,158
2010,159,0,21959,Ted Purdy,296,129,167
2010,160,0,26287,Roland Thatcher,297,161,136
2010,161,0,21949,Joe Ogilvie,298,173,125
2010,162,0,9011,David Duval,301,177,124
2010,162,0,1707,Steve Lowery,301,158,143
2010,162,0,26882,Michael Sim,301,152,149
2010,165,0,20070,Matt Bettencourt,305,116,189
2010,165,0,26392,Chris Wilson,305,132,173
2010,167,0,20686,Jeev Milkha Singh,308,156,152
2010,168,0,32640,Troy Merritt,309,164,145
2010,169,0,27613,David Lutterus,317,151,166
2010,170,0,1161,Mark Calcavecchia,318,173,145
2010,171,0,20593,Greg Chalmers,319,190,129
2010,172,0,27797,Derek Lamely,323,140,183
2010,172,0,6515,Shaun Micheel,323,160,163
2010,174,0,24138,Ian Poulter,324,143,181
2010,175,0,20766,Padraig Harrington,326,142,184
2010,176,0,20850,Daniel Chopra,327,140,187
2010,177,0,7457,Steve Flesch,329,153,176
2010,178,0,23800,Bryce Molder,331,179,152
2010,179,0,25345,Carl Pettersson,335,166,169
2010,180,0,23983,Luke Donald,338,186,152
2010,180,0,21350,Ryuji Imada,338,173,165
2010,182,0,20098,Stuart Appleby,341,156,185
2010,183,0,27649,Brandt Snedeker,353,171,182
2010,184,0,6514,Kevin Johnson,358,178,180
2010,185,0,23718,Nathan Green,359,185,174
2010,186,0,25720,Chad Collins,361,189,172
2010,187,0,12755,Vance Veazey,363,186,177
2010,188,0,23613,Rich Barcelo,369,183,186
2010,189,0,32617,Jerod Turner,374,183,191
2010,190,0,6012,Greg Kraft,376,188,188
2010,191,0,1329,Brad Faxon,381,191,190
2010,192,0,10423,Mike Weir,384,192,192
2009,1,0,24925,Jonathan Byrd,3,1,2
2009,2,0,20691,Greg Owen,14,8,6
2009,3,0,20645,John Senden,16,15,1
2009,4,0,24781,Hunter Mahan,26,7,19
2009,5,0,23349,Charles Warren,27,13,14
2009,6,0,8793,Tiger Woods,28,12,16
2009,7,0,10885,Robert Allenby,29,5,24
2009,7,0,23788,D.J. Trahan,29,22,7
2009,9,0,24507,Jason Bohn,30,22,8
2009,10,0,1724,Jeff Maggert,39,17,22
2009,10,0,1945,Kenny Perry,39,3,36
2009,12,0,22293,Heath Slocum,40,8,32
2009,12,0,2206,David Toms,40,20,20
2009,12,0,2214,Kirk Triplett,40,11,29
2009,15,0,10425,Jay Williamson,45,40,5
2009,16,0,28158,Steve Marino,51,30,21
2009,17,0,6197,Michael Allen,53,16,37
2009,18,0,6621,Joe Durant,55,52,3
2009,18,0,27120,Troy Matteson,55,37,18
2009,20,0,26289,Boo Weekley,57,5,52
2009,21,0,24912,Will MacKenzie,58,32,26
2009,22,0,24924,Bill Haas,61,27,34
2009,23,0,24358,Robert Garrigus,62,58,4
2009,24,0,1313,Steve Elkington,66,33,33
2009,24,0,28780,Nicholas Thompson,66,24,42
2009,26,0,1035,Tommy Armour III,68,24,44
2009,27,0,24024,Zach Johnson,72,44,28
2009,28,0,22548,Patrick Sheehan,73,58,15
2009,29,0,23623,Bo Van Pelt,75,21,54
2009,30,0,27963,Chris Stroud,82,70,12
2009,31,0,12510,Chad Campbell,84,75,9
2009,31,0,27936,Martin Laird,84,17,67
2009,33,0,26596,Ryan Moore,85,8,77
2009,34,0,23548,Bill Lunde,86,40,46
2009,35,0,25686,Jason Dufner,88,39,49
2009,36,0,28087,Kris Blanks,89,19,70
2009,37,0,25900,Lucas Glover,90,2,88
2009,38,0,23135,Tim Clark,91,43,48
2009,38,0,26851,Marc Leishman,91,52,39
2009,40,0,6004,Stephen Ames,92,62,30
2009,40,0,10860,Justin Leonard,92,47,45
2009,42,0,23353,J.J. Henry,93,69,24
2009,42,0,24140,Sean O'Hair,93,66,27
2009,44,0,2239,Scott Verplank,95,48,47
2009,45,0,1766,Billy Mayfair,98,30,68
2009,46,0,1706,Davis Love III,100,50,50
2009,46,0,21959,Ted Purdy,100,29,71
2009,48,0,21878,Mark Wilson,101,37,64
2009,49,0,20498,Briny Baird,104,94,10
2009,50,0,6527,Steve Stricker,107,50,57
2009,51,0,6522,Ernie Els,115,36,79
2009,51,0,12716,Charley Hoffman,115,62,53
2009,51,0,27214,Kevin Streelman,115,54,61
2009,54,0,10585,Scott McCarron,118,14,104
2009,55,0,20574,Mathew Goggin,119,26,93
2009,56,0,22892,Jason Gore,120,27,93
2009,57,0,24503,Jeff Klauk,121,55,66
2009,58,0,20472,Alex Cejka,125,62,63
2009,59,0,1677,Tom Lehman,127,117,10
2009,60,0,23497,Tag Ridings,131,66,65
2009,61,0,26497,Casey Wittenberg,134,103,31
2009,62,0,27770,Camilo Villegas,135,78,57
2009,62,0,27095,Nick Watney,135,57,78
2009,64,0,22913,John Rollins,137,3,134
2009,65,0,1226,Fred Couples,143,101,42
2009,65,0,21209,Sergio Garcia,143,48,95
2009,67,0,26300,Matt Jones,145,107,38
2009,67,0,6567,Vijay Singh,145,70,75
2009,67,0,26498,Matt Weibring,145,55,90
2009,70,0,8845,Scott Sterling,147,134,13
2009,71,0,23320,Ryan Palmer,149,45,104
2009,71,0,22405,Justin Rose,149,66,83
2009,73,0,30925,Dustin Johnson,150,70,80
2009,74,0,23614,Rich Beem,151,134,17
2009,74,0,22295,Darron Stiles,151,61,90
2009,76,0,30711,Colt Knost,153,80,73
2009,76,0,23800,Bryce Molder,153,113,40
2009,78,0,23541,Ben Crane,155,42,113
2009,78,0,25240,D.A. Points,155,84,71
2009,80,0,27933,John Merrick,156,45,111
2009,80,0,28118,Peter Tomasulo,156,35,121
2009,82,0,26476,Chez Reavie,158,75,83
2009,82,0,26679,Kevin Stadler,158,107,51
2009,84,0,24846,Ricky Barnes,159,136,23
2009,84,0,26951,Johnson Wagner,159,70,89
2009,86,0,25818,Scott Piercy,160,86,74
2009,87,0,10733,Kent Jones,161,65,96
2009,87,0,6595,Kevin Sutherland,161,107,54
2009,89,0,21961,Charles Howell III,169,128,41
2009,89,0,1707,Steve Lowery,169,34,135
2009,91,0,23638,Brendon de Jonge,174,117,57
2009,92,0,21805,Harrison Frazar,175,88,87
2009,93,0,8931,Glen Day,177,115,62
2009,94,0,10809,Jim Furyk,178,80,98
2009,95,0,20572,Rod Pampling,180,95,85
2009,95,0,20160,Charlie Wi,180,60,120
2009,97,0,22348,Nick O'Hern,182,128,54
2009,98,0,28089,Jason Day,187,70,117
2009,99,0,24357,K.J. Choi,192,111,81
2009,100,0,20127,Chris Riley,193,78,115
2009,101,0,31323,Gary Woodland,195,88,107
2009,102,0,1948,Tim Petrovic,199,97,102
2009,103,0,23325,Vaughn Taylor,201,91,110
2009,104,0,21753,Brian Davis,205,84,121
2009,105,0,26695,Michael Letzig,206,80,126
2009,105,0,24663,Y.E. Yang,206,130,76
2009,107,0,6539,Rick Price,208,139,69
2009,108,0,1320,Bob Estes,209,80,129
2009,109,0,7457,Steve Flesch,211,154,57
2009,110,0,27466,Spencer Levin,212,178,34
2009,111,0,10117,Bob Heintz,216,95,121
2009,112,0,25804,Bubba Watson,219,87,132
2009,113,0,26301,James Nitties,224,77,147
2009,114,0,23621,Rory Sabbatini,227,131,96
2009,115,0,7867,Woody Austin,228,122,106
2009,116,0,27060,John Mallinger,230,115,115
2009,117,0,1810,Phil Mickelson,234,107,127
2009,118,0,8075,Jerry Kelly,235,111,124
2009,119,0,1797,Rocco Mediate,236,146,90
2009,120,0,25562,Andres Romero,237,125,112
2009,121,0,27649,Brandt Snedeker,239,101,138
2009,122,0,7749,Brett Quigley,240,158,82
2009,123,0,12652,Cameron Beckman,241,143,98
2009,123,0,20229,Stewart Cink,241,97,144
2009,123,0,26420,Richard Johnson,241,138,103
2009,126,0,20850,Daniel Chopra,243,91,152
2009,126,0,25919,Brian Vranesh,243,103,140
2009,128,0,23108,Matt Kuchar,245,113,132
2009,129,0,20593,Greg Chalmers,247,147,100
2009,130,0,1142,Bart Bryant,253,90,163
2009,130,0,28620,Aron Price,253,167,86
2009,130,0,24502,Adam Scott,253,91,162
2009,133,0,1161,Mark Calcavecchia,256,156,100
2009,134,0,20634,Peter Lonard,257,143,114
2009,134,0,26881,Jarrod Lyle,257,149,108
2009,136,0,1132,Mark Brooks,259,122,137
2009,136,0,24490,George McNeill,259,117,142
2009,138,0,1473,Todd Hamilton,260,117,143
2009,139,0,6251,Chris DiMarco,265,140,125
2009,140,0,19846,Brian Gay,267,99,168
2009,140,0,29718,Anthony Kim,267,103,164
2009,142,0,20848,Ángel Cabrera,268,99,169
2009,142,0,24361,Pat Perez,268,117,151
2009,144,0,22046,Geoff Ogilvy,270,142,128
2009,145,0,1941,Tom Pernice Jr.,273,155,118
2009,146,0,6643,Paul Goydos,278,133,145
2009,147,0,12782,Tim Herron,279,141,138
2009,147,0,27141,J.B. Holmes,279,103,176
2009,149,0,12602,Dean Wilson,282,173,109
2009,150,0,1928,Corey Pavin,283,125,158
2009,151,0,7223,Brian Bateman,285,166,119
2009,152,0,20070,Matt Bettencourt,286,131,155
2009,153,0,22621,Ben Curtis,288,159,129
2009,154,0,25396,Kevin Na,291,160,131
2009,155,0,20157,Retief Goosen,292,122,170
2009,156,0,12705,Cliff Kresge,293,152,141
2009,157,0,25190,Jeff Quinney,295,149,146
2009,158,0,20098,Stuart Appleby,299,149,150
2009,159,0,27683,Leif Olson,302,125,177
2009,160,0,1577,Lee Janzen,304,168,136
2009,161,0,26668,Marc Turnesa,305,147,158
2009,162,0,20104,Ken Duke,314,161,153
2009,162,0,25632,Jimmy Walker,314,165,149
2009,164,0,24138,Ian Poulter,315,137,178
2009,165,0,28475,Jeff Overton,317,143,174
2009,166,0,23778,Brad Adamonis,319,161,158
2009,167,0,21731,Freddie Jacobson,322,174,148
2009,168,0,21949,Joe Ogilvie,324,153,171
2009,169,0,22961,David Mathis,326,172,154
2009,170,0,29221,Webb Simpson,327,161,166
2009,171,0,23718,Nathan Green,330,169,161
2009,171,0,10423,Mike Weir,330,174,156
2009,173,0,25345,Carl Pettersson,331,164,167
2009,174,0,23983,Luke Donald,336,179,157
2009,174,0,9011,David Duval,336,157,179
2009,176,0,6012,Greg Kraft,342,177,165
2009,177,0,22371,Aaron Baddeley,350,169,181
2009,178,0,31416,Derek Fathauer,351,171,180
2009,178,0,20766,Padraig Harrington,351,176,175
2009,180,0,21350,Ryuji Imada,352,180,172
2009,181,0,30927,Brendon Todd,353,181,172
2009,182,0,23048,Eric Axley,365,182,183
2009,183,0,24449,Parker McLachlin,366,184,182
2009,184,0,1329,Brad Faxon,367,183,184
2008,1,0,6621,Joe Durant,8,7,1
2008,2,0,2002,John Riegger,13,5,8
2008,3,0,20645,John Senden,19,9,10
2008,4,0,10885,Robert Allenby,21,19,2
2008,4,0,1553,John Huston,21,17,4
2008,6,0,23353,J.J. Henry,29,20,9
2008,6,0,27933,John Merrick,29,4,25
2008,8,0,20105,Jeff Gove,30,8,22
2008,8,0,24781,Hunter Mahan,30,23,7
2008,10,0,27095,Nick Watney,37,21,16
2008,11,0,20574,Mathew Goggin,39,10,29
2008,11,0,28158,Steve Marino,39,24,15
2008,13,0,22892,Jason Gore,40,1,39
2008,14,0,12510,Chad Campbell,43,30,13
2008,14,0,21805,Harrison Frazar,43,40,3
2008,16,0,23349,Charles Warren,46,2,44
2008,17,0,1766,Billy Mayfair,47,28,19
2008,18,0,10733,Kent Jones,48,42,6
2008,19,0,26289,Boo Weekley,56,34,22
2008,20,0,27963,Chris Stroud,64,38,26
2008,21,0,6197,Michael Allen,66,13,53
2008,22,0,1945,Kenny Perry,68,38,30
2008,23,0,12716,Charley Hoffman,69,6,63
2008,24,0,24361,Pat Perez,70,27,43
2008,24,0,21878,Mark Wilson,70,28,42
2008,26,0,27936,Martin Laird,71,33,38
2008,27,0,20498,Briny Baird,75,70,5
2008,28,0,23614,Rich Beem,79,22,57
2008,28,0,6567,Vijay Singh,79,67,12
2008,30,0,24924,Bill Haas,80,60,20
2008,31,0,27120,Troy Matteson,81,49,32
2008,32,0,7867,Woody Austin,82,64,18
2008,32,0,23320,Ryan Palmer,82,31,51
2008,34,0,20160,Charlie Wi,83,24,59
2008,35,0,27214,Kevin Streelman,85,54,31
2008,36,0,10425,Jay Williamson,87,35,52
2008,37,0,25364,Paul Casey,89,15,74
2008,37,0,23541,Ben Crane,89,16,73
2008,39,0,19803,Ryan Armour,91,13,78
2008,40,0,24358,Robert Garrigus,93,72,21
2008,40,0,23788,D.J. Trahan,93,31,62
2008,42,0,1313,Steve Elkington,97,57,40
2008,43,0,30750,Tommy Gainey,98,62,36
2008,43,0,23623,Bo Van Pelt,98,64,34
2008,45,0,26476,Chez Reavie,101,47,54
2008,46,0,22293,Heath Slocum,102,52,50
2008,47,0,10875,Todd Demsey,104,17,87
2008,47,0,24490,George McNeill,104,91,13
2008,49,0,1724,Jeff Maggert,105,44,61
2008,50,0,25804,Bubba Watson,106,79,27
2008,51,0,8845,Scott Sterling,108,86,22
2008,51,0,6595,Kevin Sutherland,108,91,17
2008,53,0,21633,Steve Allan,109,50,59
2008,54,0,1388,Robert Gamez,110,44,66
2008,55,0,24024,Zach Johnson,112,84,28
2008,56,0,1320,Bob Estes,119,108,11
2008,57,0,25900,Lucas Glover,122,36,86
2008,58,0,21959,Ted Purdy,125,79,46
2008,59,0,29718,Anthony Kim,128,57,71
2008,60,0,28089,Jason Day,130,50,80
2008,61,0,1035,Tommy Armour III,131,75,56
2008,62,0,24227,Justin Bolli,133,89,44
2008,62,0,23621,Rory Sabbatini,133,68,65
2008,64,0,10809,Jim Furyk,135,87,48
2008,65,0,21209,Sergio Garcia,139,102,37
2008,66,0,21461,Kenneth Ferrie,143,41,102
2008,67,0,10649,Tom Scherrer,145,74,71
2008,68,0,22913,John Rollins,146,10,136
2008,69,0,28780,Nicholas Thompson,148,3,145
2008,70,0,2223,Bob Tway,154,121,33
2008,71,0,20623,Gavin Coles,155,120,35
2008,72,0,10860,Justin Leonard,156,102,54
2008,73,0,20229,Stewart Cink,157,116,41
2008,73,0,10585,Scott McCarron,157,54,103
2008,75,0,1142,Bart Bryant,158,57,101
2008,76,0,12652,Cameron Beckman,160,91,69
2008,77,0,2239,Scott Verplank,162,68,94
2008,77,0,24663,Y.E. Yang,162,95,67
2008,79,0,6573,Brandt Jobe,163,105,58
2008,80,0,1226,Fred Couples,164,81,83
2008,80,0,21753,Brian Davis,164,75,89
2008,82,0,1706,Davis Love III,166,60,106
2008,83,0,20572,Rod Pampling,168,37,131
2008,83,0,19913,Ron Whittaker,168,89,79
2008,85,0,27561,Nick Flanagan,171,48,123
2008,86,0,23325,Vaughn Taylor,172,91,81
2008,86,0,8385,Omar Uresti,172,81,91
2008,88,0,1139,Olin Browne,173,97,76
2008,88,0,21949,Joe Ogilvie,173,54,119
2008,90,0,26679,Kevin Stadler,174,81,93
2008,91,0,22548,Patrick Sheehan,176,72,104
2008,92,0,20378,Mathias Grönberg,178,24,154
2008,93,0,26695,Michael Letzig,185,42,143
2008,93,0,26596,Ryan Moore,185,12,173
2008,95,0,23497,Tag Ridings,189,64,125
2008,96,0,22621,Ben Curtis,190,53,137
2008,96,0,25842,Jon Mills,190,116,74
2008,98,0,21961,Charles Howell III,192,144,48
2008,99,0,24925,Jonathan Byrd,193,44,149
2008,100,0,22806,Doug LaBelle II,195,87,108
2008,101,0,1810,Phil Mickelson,199,129,70
2008,102,0,12826,Paul Claxton,202,105,97
2008,103,0,23125,Brad Elder,208,109,99
2008,104,0,20663,Brenden Pappas,209,121,88
2008,105,0,22378,Trevor Immelman,211,63,148
2008,106,0,22348,Nick O'Hern,213,97,116
2008,107,0,1948,Tim Petrovic,219,75,144
2008,108,0,25349,Tim Wilkinson,220,135,85
2008,109,0,1473,Todd Hamilton,221,71,150
2008,110,0,24502,Adam Scott,223,95,128
2008,111,0,24140,Sean O'Hair,225,112,113
2008,111,0,2206,David Toms,225,135,90
2008,113,0,30925,Dustin Johnson,226,97,129
2008,114,0,12823,Carlos Franco,229,182,47
2008,115,0,24912,Will MacKenzie,231,124,107
2008,116,0,20634,Peter Lonard,233,133,100
2008,117,0,26668,Marc Turnesa,234,97,137
2008,118,0,23778,Brad Adamonis,235,167,68
2008,118,0,24357,K.J. Choi,235,154,81
2008,120,0,10505,Shane Bertsch,236,114,122
2008,120,0,11032,Frank Lickliter II,236,112,124
2008,122,0,25396,Kevin Na,237,104,133
2008,123,0,1161,Mark Calcavecchia,238,124,114
2008,123,0,12782,Tim Herron,238,75,163
2008,125,0,27770,Camilo Villegas,240,129,111
2008,126,0,7749,Brett Quigley,241,129,112
2008,127,0,28475,Jeff Overton,242,124,118
2008,128,0,8931,Glen Day,245,128,117
2008,128,0,23409,James Driscoll,245,150,95
2008,130,0,26420,Richard Johnson,249,157,92
2008,131,0,19846,Brian Gay,253,124,129
2008,132,0,6575,Dudley Hart,254,190,64
2008,133,0,6090,Jim McGovern,255,172,83
2008,134,0,6004,Stephen Ames,256,160,96
2008,135,0,20104,Ken Duke,257,153,104
2008,135,0,27141,J.B. Holmes,257,105,152
2008,135,0,10423,Mike Weir,257,148,109
2008,138,0,23540,Jason Allred,265,110,155
2008,139,0,12602,Dean Wilson,266,189,77
2008,140,0,6643,Paul Goydos,267,116,151
2008,141,0,1577,Lee Janzen,269,155,114
2008,142,0,20766,Padraig Harrington,270,84,186
2008,143,0,20848,Ángel Cabrera,272,116,156
2008,144,0,26500,Alejandro Cañizares,275,114,161
2008,145,0,12705,Cliff Kresge,276,178,98
2008,146,0,12309,Bob Sowards,277,138,139
2008,147,0,20472,Alex Cejka,281,135,146
2008,148,0,27060,John Mallinger,282,97,185
2008,149,0,20433,Mark Hensby,285,164,121
2008,150,0,25594,Travis Perkins,287,110,177
2008,151,0,27613,David Lutterus,290,129,161
2008,151,0,1941,Tom Pernice Jr.,290,170,120
2008,153,0,20443,Jin Park,291,138,153
2008,154,0,7457,Steve Flesch,294,185,109
2008,155,0,23135,Tim Clark,296,165,131
2008,155,0,7547,Craig Kanada,296,138,158
2008,157,0,8075,Jerry Kelly,297,157,140
2008,157,0,25632,Jimmy Walker,297,150,147
2008,159,0,23108,Matt Kuchar,298,172,126
2008,159,0,22582,Kyle Thompson,298,138,160
2008,161,0,25345,Carl Pettersson,305,171,134
2008,162,0,22371,Aaron Baddeley,310,144,166
2008,163,0,22046,Geoff Ogilvy,311,142,169
2008,164,0,20127,Chris Riley,313,144,169
2008,165,0,25562,Andres Romero,315,121,194
2008,166,0,26300,Matt Jones,319,155,164
2008,167,0,6527,Steve Stricker,320,193,127
2008,168,0,1024,Billy Andrade,322,187,135
2008,168,0,1677,Tom Lehman,322,157,165
2008,170,0,6251,Chris DiMarco,323,181,142
2008,170,0,8537,J.P. Hayes,323,142,181
2008,172,0,20098,Stuart Appleby,328,160,168
2008,172,0,23157,Richard Johnson,328,133,195
2008,172,0,27649,Brandt Snedeker,328,188,140
2008,175,0,20382,Stephen Leaney,331,165,166
2008,175,0,1797,Rocco Mediate,331,174,157
2008,177,0,12660,Jesper Parnevik,334,150,184
2008,178,0,6012,Greg Kraft,335,144,191
2008,178,0,24449,Parker McLachlin,335,176,159
2008,180,0,6522,Ernie Els,340,162,178
2008,181,0,1928,Corey Pavin,345,149,196
2008,182,0,6034,Marco Dawson,351,169,182
2008,183,0,20850,Daniel Chopra,352,163,189
2008,183,0,26951,Johnson Wagner,352,178,174
2008,185,0,26631,Cody Freeman,354,175,179
2008,186,0,21731,Freddie Jacobson,356,185,171
2008,187,0,23048,Eric Axley,357,177,180
2008,188,0,1707,Steve Lowery,361,168,193
2008,189,0,25190,Jeff Quinney,364,192,172
2008,190,0,20157,Retief Goosen,370,178,192
2008,190,0,21350,Ryuji Imada,370,194,176
2008,190,0,23797,Brett Rumford,370,195,175
2008,193,0,23718,Nathan Green,372,184,188
2008,194,0,24138,Ian Poulter,373,183,190
2008,195,0,25720,Chad Collins,379,196,183
2008,196,0,12680,Shigeki Maruyama,384,197,187
2008,197,0,9011,David Duval,388,191,197
2007,1,0,12652,Cameron Beckman,10,6,4
2007,2,0,20645,John Senden,11,9,2
2007,3,0,20574,Mathew Goggin,13,2,11
2007,4,0,23349,Charles Warren,15,1,14
2007,5,0,20498,Briny Baird,21,13,8
2007,6,0,20472,Alex Cejka,22,16,6
2007,7,0,28475,Jeff Overton,24,14,10
2007,8,0,1945,Kenny Perry,25,5,20
2007,9,0,24140,Sean O'Hair,31,8,23
2007,10,0,24781,Hunter Mahan,32,3,29
2007,11,0,20691,Greg Owen,33,16,17
2007,12,0,20105,Jeff Gove,35,32,3
2007,13,0,23788,D.J. Trahan,37,10,27
2007,14,0,6621,Joe Durant,38,26,12
2007,14,0,1766,Billy Mayfair,38,20,18
2007,16,0,1035,Tommy Armour III,40,35,5
2007,17,0,10425,Jay Williamson,44,4,40
2007,18,0,21959,Ted Purdy,45,24,21
2007,19,0,8793,Tiger Woods,46,45,1
2007,20,0,27933,John Merrick,50,41,9
2007,21,0,10885,Robert Allenby,52,37,15
2007,21,0,10733,Kent Jones,52,25,27
2007,23,0,6197,Michael Allen,61,29,32
2007,24,0,10809,Jim Furyk,62,56,6
2007,24,0,23353,J.J. Henry,62,32,30
2007,26,0,25900,Lucas Glover,64,20,44
2007,27,0,24924,Bill Haas,65,12,53
2007,27,0,26289,Boo Weekley,65,11,54
2007,29,0,27095,Nick Watney,66,31,35
2007,30,0,22892,Jason Gore,71,7,64
2007,30,0,27963,Chris Stroud,71,22,49
2007,32,0,19824,Craig Barlow,80,58,22
2007,33,0,19803,Ryan Armour,81,40,41
2007,34,0,23623,Bo Van Pelt,86,49,37
2007,35,0,20104,Ken Duke,88,26,62
2007,36,0,1707,Steve Lowery,91,50,41
2007,37,0,28158,Steve Marino,96,46,50
2007,37,0,20160,Charlie Wi,96,58,38
2007,39,0,8123,Jeff Brehaut,98,19,79
2007,39,0,2246,Duffy Waldorf,98,72,26
2007,41,0,2101,Joey Sindelar,100,70,30
2007,42,0,27702,Matt Hendrix,101,15,86
2007,43,0,29718,Anthony Kim,102,29,73
2007,43,0,22293,Heath Slocum,102,66,36
2007,45,0,23322,Brett Wetterich,104,61,43
2007,46,0,1142,Bart Bryant,108,69,39
2007,47,0,27770,Camilo Villegas,109,50,59
2007,48,0,21470,Daisuke Maruyama,110,22,88
2007,49,0,6515,Shaun Micheel,113,61,52
2007,50,0,24361,Pat Perez,115,47,68
2007,51,0,26596,Ryan Moore,116,56,60
2007,52,0,20634,Peter Lonard,118,18,100
2007,53,0,22295,Darron Stiles,119,48,71
2007,54,0,24358,Robert Garrigus,123,98,25
2007,55,0,1157,Tom Byrum,129,53,76
2007,56,0,28486,Michael Putnam,130,106,24
2007,57,0,21633,Steve Allan,134,39,95
2007,58,0,21646,David Branshaw,135,38,97
2007,59,0,24912,Will MacKenzie,136,89,47
2007,60,0,1388,Robert Gamez,138,81,57
2007,60,0,24502,Adam Scott,138,66,72
2007,62,0,2036,Jim Rutledge,145,26,119
2007,63,0,23614,Rich Beem,147,35,112
2007,63,0,1724,Jeff Maggert,147,114,33
2007,63,0,22405,Justin Rose,147,89,58
2007,66,0,10860,Justin Leonard,149,55,94
2007,67,0,21878,Mark Wilson,152,61,91
2007,68,0,26951,Johnson Wagner,154,135,19
2007,68,0,25804,Bubba Watson,154,86,68
2007,70,0,27141,J.B. Holmes,157,53,104
2007,71,0,24507,Jason Bohn,158,76,82
2007,71,0,22378,Trevor Immelman,158,92,66
2007,73,0,20378,Mathias Grönberg,160,52,108
2007,74,0,21753,Brian Davis,162,79,83
2007,74,0,12660,Jesper Parnevik,162,129,33
2007,76,0,1161,Mark Calcavecchia,163,42,121
2007,77,0,24457,Jaco Van Zyl,168,43,125
2007,78,0,24290,D.J. Brigman,170,119,51
2007,78,0,2214,Kirk Triplett,170,108,62
2007,80,0,1677,Tom Lehman,171,155,16
2007,81,0,7457,Steve Flesch,172,117,55
2007,81,0,24024,Zach Johnson,172,61,111
2007,81,0,6567,Vijay Singh,172,127,45
2007,84,0,22913,John Rollins,174,43,131
2007,85,0,26679,Kevin Stadler,175,111,64
2007,86,0,25892,Steve Wheatcroft,176,58,118
2007,87,0,20382,Stephen Leaney,181,168,13
2007,88,0,7363,Craig Bowden,186,98,88
2007,89,0,12195,Tom Johnson,188,81,107
2007,89,0,25190,Jeff Quinney,188,127,61
2007,91,0,8075,Jerry Kelly,190,97,93
2007,92,0,8931,Glen Day,191,77,114
2007,92,0,6595,Kevin Sutherland,191,123,68
2007,94,0,6004,Stephen Ames,193,107,86
2007,95,0,11032,Frank Lickliter II,194,117,77
2007,96,0,1132,Mark Brooks,196,104,92
2007,97,0,2239,Scott Verplank,197,83,114
2007,98,0,24490,George McNeill,200,61,139
2007,99,0,26881,Jarrod Lyle,201,101,100
2007,100,0,1810,Phil Mickelson,203,119,84
2007,101,0,26882,Michael Sim,204,98,106
2007,102,0,21731,Freddie Jacobson,205,159,46
2007,103,0,20229,Stewart Cink,206,158,48
2007,103,0,12714,Chris Tidland,206,75,131
2007,105,0,1313,Steve Elkington,215,66,149
2007,105,0,22806,Doug LaBelle II,215,101,114
2007,107,0,20850,Daniel Chopra,216,141,75
2007,107,0,12716,Charley Hoffman,216,93,123
2007,107,0,27120,Troy Matteson,216,79,137
2007,110,0,6522,Ernie Els,217,119,98
2007,111,0,23933,Michael Boyd,218,70,148
2007,111,0,29476,Kyle Reifers,218,108,110
2007,113,0,20572,Rod Pampling,219,141,78
2007,114,0,7867,Woody Austin,221,154,67
2007,115,0,24357,K.J. Choi,222,148,74
2007,115,0,1797,Rocco Mediate,222,132,90
2007,117,0,6527,Steve Stricker,223,168,55
2007,118,0,8375,Paul Stankowski,226,83,143
2007,119,0,26360,Bubba Dickerson,227,34,193
2007,120,0,11123,Chris Couch,229,108,121
2007,120,0,25686,Jason Dufner,229,149,80
2007,120,0,23497,Tag Ridings,229,72,157
2007,123,0,10423,Mike Weir,234,83,151
2007,124,0,1706,Davis Love III,235,111,124
2007,125,0,21660,Jason Schultz,236,72,164
2007,126,0,21805,Harrison Frazar,237,104,133
2007,127,0,27060,John Mallinger,238,86,152
2007,128,0,20127,Chris Riley,242,77,165
2007,129,0,8537,J.P. Hayes,247,93,154
2007,130,0,23638,Brendon de Jonge,248,135,113
2007,130,0,24980,Scott Gutschewski,248,88,160
2007,132,0,26420,Richard Johnson,250,151,99
2007,132,0,23108,Matt Kuchar,250,166,84
2007,134,0,19972,José Coceres,259,91,168
2007,134,0,12782,Tim Herron,259,157,102
2007,136,0,1381,Fred Funk,264,93,171
2007,136,0,19846,Brian Gay,264,111,153
2007,138,0,1024,Billy Andrade,266,185,81
2007,139,0,24925,Jonathan Byrd,268,132,136
2007,139,0,23983,Luke Donald,268,123,145
2007,139,0,10117,Bob Heintz,268,122,146
2007,142,0,21209,Sergio Garcia,269,164,105
2007,143,0,21961,Charles Howell III,270,130,140
2007,143,0,12705,Cliff Kresge,270,174,96
2007,145,0,20433,Mark Hensby,272,132,140
2007,146,0,23320,Ryan Palmer,273,146,127
2007,147,0,7547,Craig Kanada,275,167,108
2007,148,0,8881,Tripp Isenhour,277,93,184
2007,149,0,12510,Chad Campbell,278,149,129
2007,150,0,20859,Anders Hansen,279,123,156
2007,150,0,23325,Vaughn Taylor,279,159,120
2007,150,0,2206,David Toms,279,151,128
2007,153,0,1249,John Daly,280,101,179
2007,154,0,22046,Geoff Ogilvy,281,123,158
2007,155,0,1320,Bob Estes,282,139,143
2007,156,0,1941,Tom Pernice Jr.,284,114,170
2007,157,0,27649,Brandt Snedeker,291,188,103
2007,158,0,23135,Tim Clark,292,116,176
2007,158,0,21806,Paul Gow,292,162,130
2007,160,0,6034,Marco Dawson,297,163,134
2007,160,0,1577,Lee Janzen,297,180,117
2007,162,0,20623,Gavin Coles,298,137,161
2007,163,0,25345,Carl Pettersson,301,175,126
2007,164,0,25273,Andrew Buckle,303,141,162
2007,165,0,21949,Joe Ogilvie,309,137,172
2007,166,0,25396,Kevin Na,313,146,167
2007,167,0,20098,Stuart Appleby,315,140,175
2007,167,0,10213,Dicky Pride,315,180,135
2007,169,0,22371,Aaron Baddeley,318,130,188
2007,170,0,22212,Craig Lile,321,171,150
2007,170,0,21528,Henrik Stenson,321,141,180
2007,172,0,2223,Bob Tway,325,187,138
2007,173,0,12602,Dean Wilson,326,184,142
2007,174,0,6643,Paul Goydos,333,141,192
2007,174,0,1948,Tim Petrovic,333,178,155
2007,176,0,1928,Corey Pavin,334,151,183
2007,177,0,20628,Arron Oberholser,335,172,163
2007,178,0,23613,Rich Barcelo,339,192,147
2007,179,0,22621,Ben Curtis,340,155,185
2007,180,0,7223,Brian Bateman,341,164,177
2007,181,0,23621,Rory Sabbatini,344,170,174
2007,182,0,23718,Nathan Green,346,177,169
2007,182,0,7749,Brett Quigley,346,180,166
2007,184,0,20766,Padraig Harrington,348,159,189
2007,185,0,24138,Ian Poulter,349,176,173
2007,186,0,21350,Ryuji Imada,352,193,159
2007,187,0,20157,Retief Goosen,367,173,194
2007,188,0,23048,Eric Axley,369,191,178
2007,189,0,23800,Bryce Molder,370,179,191
2007,190,0,24449,Parker McLachlin,371,185,186
2007,191,0,12680,Shigeki Maruyama,372,190,182
2007,192,0,2104,Jeff Sluman,376,195,181
2007,193,0,1473,Todd Hamilton,378,183,195
2007,194,0,22348,Nick O'Hern,379,189,190
2007,195,0,6251,Chris DiMarco,381,194,187
2007,196,0,6373,José María Olazábal,392,196,196
2006,1,0,6621,Joe Durant,12,6,6
2006,1,0,2106,Chris Smith,12,2,10
2006,3,0,20645,John Senden,15,12,3
2006,4,0,24925,Jonathan Byrd,19,11,8
2006,5,0,1945,Kenny Perry,23,8,15
2006,6,0,20691,Greg Owen,25,7,18
2006,7,0,21646,David Branshaw,29,22,7
2006,7,0,1313,Steve Elkington,29,21,8
2006,7,0,8793,Tiger Woods,29,28,1
2006,10,0,24502,Adam Scott,32,20,12
2006,11,0,10885,Robert Allenby,34,5,29
2006,12,0,20094,Jonathan Kaye,36,17,19
2006,13,0,20105,Jeff Gove,37,35,2
2006,13,0,23349,Charles Warren,37,9,28
2006,15,0,20498,Briny Baird,39,34,5
2006,16,0,24781,Hunter Mahan,43,4,39
2006,17,0,6595,Kevin Sutherland,46,26,20
2006,18,0,23322,Brett Wetterich,49,16,33
2006,19,0,25900,Lucas Glover,50,10,40
2006,20,0,24912,Will MacKenzie,51,26,25
2006,21,0,24980,Scott Gutschewski,53,1,52
2006,22,0,10809,Jim Furyk,57,53,4
2006,23,0,1142,Bart Bryant,69,53,16
2006,23,0,20574,Mathew Goggin,69,25,44
2006,25,0,20472,Alex Cejka,71,36,35
2006,26,0,22378,Trevor Immelman,74,60,14
2006,27,0,22405,Justin Rose,86,57,29
2006,28,0,1810,Phil Mickelson,87,66,21
2006,29,0,24138,Ian Poulter,89,14,75
2006,30,0,22293,Heath Slocum,90,56,34
2006,31,0,22913,John Rollins,91,18,73
2006,32,0,6573,Brandt Jobe,93,51,42
2006,32,0,21959,Ted Purdy,93,46,47
2006,34,0,1706,Davis Love III,96,42,54
2006,35,0,27943,Matt Hansen,97,49,48
2006,36,0,24357,K.J. Choi,99,76,23
2006,37,0,23614,Rich Beem,100,30,70
2006,37,0,11032,Frank Lickliter II,100,74,26
2006,37,0,6350,Bob May,100,87,13
2006,40,0,6527,Steve Stricker,101,77,24
2006,41,0,28780,Nicholas Thompson,102,3,99
2006,42,0,2246,Duffy Waldorf,104,36,68
2006,43,0,20378,Mathias Grönberg,106,49,57
2006,43,0,24024,Zach Johnson,106,57,49
2006,45,0,21470,Daisuke Maruyama,107,39,68
2006,46,0,23353,J.J. Henry,108,86,22
2006,47,0,26360,Bubba Dickerson,109,19,90
2006,48,0,11123,Chris Couch,112,40,72
2006,48,0,1619,Skip Kendall,112,69,43
2006,50,0,24507,Jason Bohn,117,33,84
2006,51,0,8123,Jeff Brehaut,118,77,41
2006,51,0,1766,Billy Mayfair,118,63,55
2006,51,0,2206,David Toms,118,47,71
2006,54,0,21753,Brian Davis,119,22,97
2006,54,0,12716,Charley Hoffman,119,66,53
2006,56,0,23623,Bo Van Pelt,120,60,60
2006,56,0,27095,Nick Watney,120,24,96
2006,58,0,20766,Padraig Harrington,122,13,109
2006,59,0,23048,Eric Axley,124,36,88
2006,59,0,10733,Kent Jones,124,32,92
2006,61,0,8385,Omar Uresti,130,66,64
2006,62,0,27120,Troy Matteson,138,72,66
2006,63,0,21878,Mark Wilson,139,113,26
2006,64,0,2101,Joey Sindelar,141,124,17
2006,65,0,21209,Sergio Garcia,142,105,37
2006,65,0,25804,Bubba Watson,142,92,50
2006,67,0,8835,Kris Cox,143,80,63
2006,68,0,6004,Stephen Ames,145,87,58
2006,69,0,8075,Jerry Kelly,147,101,46
2006,70,0,8375,Paul Stankowski,148,64,84
2006,71,0,22946,Henrik Bjornstad,155,30,125
2006,72,0,12645,Brent Geiberger,156,44,112
2006,73,0,26420,Richard Johnson,157,80,77
2006,74,0,24140,Sean O'Hair,161,44,117
2006,75,0,21805,Harrison Frazar,163,28,135
2006,75,0,1381,Fred Funk,163,98,65
2006,77,0,6567,Vijay Singh,164,133,31
2006,77,0,2239,Scott Verplank,164,87,77
2006,79,0,26596,Ryan Moore,165,15,150
2006,80,0,7457,Steve Flesch,166,87,79
2006,80,0,20631,David McKenzie,166,80,86
2006,82,0,1724,Jeff Maggert,167,69,98
2006,83,0,6515,Shaun Micheel,168,132,36
2006,84,0,19913,Ron Whittaker,169,94,75
2006,85,0,1219,John Cook,170,103,67
2006,85,0,8537,J.P. Hayes,170,43,127
2006,87,0,2110,Jerry Smith,171,116,55
2006,87,0,27770,Camilo Villegas,171,69,102
2006,89,0,1320,Bob Estes,172,121,51
2006,90,0,20628,Arron Oberholser,173,162,11
2006,91,0,23983,Luke Donald,174,100,74
2006,92,0,23320,Ryan Palmer,176,47,129
2006,92,0,2214,Kirk Triplett,176,72,104
2006,94,0,20812,Tjaart van der Walt,184,62,122
2006,95,0,12510,Chad Campbell,186,148,38
2006,96,0,12662,Thomas Levet,187,105,82
2006,96,0,28475,Jeff Overton,187,85,102
2006,98,0,27141,J.B. Holmes,188,87,101
2006,99,0,23788,D.J. Trahan,190,53,137
2006,100,0,24358,Robert Garrigus,193,74,119
2006,101,0,23307,Roger Tambellini,196,101,95
2006,102,0,24361,Pat Perez,198,80,118
2006,103,0,7749,Brett Quigley,200,169,31
2006,104,0,21949,Joe Ogilvie,203,92,111
2006,104,0,22548,Patrick Sheehan,203,64,139
2006,106,0,7223,Brian Bateman,204,84,120
2006,107,0,1226,Fred Couples,208,108,100
2006,108,0,22892,Jason Gore,209,51,158
2006,108,0,1823,Larry Mize,209,77,132
2006,110,0,20382,Stephen Leaney,211,166,45
2006,111,0,20127,Chris Riley,214,41,173
2006,112,0,6643,Paul Goydos,216,112,104
2006,113,0,20157,Retief Goosen,218,126,92
2006,114,0,1024,Billy Andrade,219,157,62
2006,114,0,22046,Geoff Ogilvy,219,59,160
2006,116,0,1139,Olin Browne,220,94,126
2006,117,0,1388,Robert Gamez,223,108,115
2006,118,0,23135,Tim Clark,224,144,80
2006,119,0,6034,Marco Dawson,226,113,113
2006,119,0,1707,Steve Lowery,226,134,92
2006,121,0,10423,Mike Weir,228,169,59
2006,122,0,21961,Charles Howell III,233,150,83
2006,123,0,19824,Craig Barlow,234,147,87
2006,123,0,6251,Chris DiMarco,234,174,60
2006,123,0,21731,Freddie Jacobson,234,96,138
2006,126,0,21407,Arjun Atwal,240,105,135
2006,127,0,1666,Bernhard Langer,248,159,89
2006,127,0,12660,Jesper Parnevik,248,124,124
2006,129,0,1941,Tom Pernice Jr.,251,131,120
2006,130,0,10860,Justin Leonard,252,103,149
2006,131,0,24924,Bill Haas,253,126,127
2006,131,0,1677,Tom Lehman,253,172,81
2006,133,0,20229,Stewart Cink,256,142,114
2006,134,0,22621,Ben Curtis,257,150,107
2006,135,0,1035,Tommy Armour III,259,117,142
2006,136,0,11011,Mike Sposa,263,108,155
2006,137,0,23325,Vaughn Taylor,264,130,134
2006,138,0,6373,José María Olazábal,268,177,91
2006,139,0,20608,David Howell,269,117,152
2006,139,0,12602,Dean Wilson,269,163,106
2006,141,0,20850,Daniel Chopra,270,122,148
2006,142,0,10505,Shane Bertsch,273,134,139
2006,142,0,10565,Ian Leggatt,273,122,151
2006,144,0,2104,Jeff Sluman,274,166,108
2006,145,0,25240,D.A. Points,278,117,161
2006,146,0,1249,John Daly,280,96,184
2006,147,0,23497,Tag Ridings,281,98,183
2006,148,0,12823,Carlos Franco,284,174,110
2006,149,0,6522,Ernie Els,286,143,143
2006,150,0,12760,Danny Ellis,287,117,170
2006,151,0,19846,Brian Gay,289,136,153
2006,152,0,6012,Greg Kraft,290,126,164
2006,153,0,25842,Jon Mills,291,126,165
2006,154,0,21660,Jason Schultz,293,140,153
2006,155,0,23616,Ryan Hietala,294,108,186
2006,156,0,1132,Mark Brooks,297,136,161
2006,157,0,1928,Corey Pavin,300,155,145
2006,158,0,7013,Wes Short Jr.,301,171,130
2006,159,0,25936,Alex Aragon,305,115,190
2006,159,0,12782,Tim Herron,305,136,169
2006,159,0,21350,Ryuji Imada,305,189,116
2006,162,0,20098,Stuart Appleby,307,160,147
2006,162,0,12680,Shigeki Maruyama,307,163,144
2006,162,0,23621,Rory Sabbatini,307,185,122
2006,165,0,1161,Mark Calcavecchia,313,136,177
2006,166,0,2223,Bob Tway,315,184,131
2006,167,0,7867,Woody Austin,316,149,167
2006,168,0,23541,Ben Crane,318,140,178
2006,169,0,23673,Michael Connell,321,188,133
2006,169,0,1553,John Huston,321,150,171
2006,171,0,1042,Paul Azinger,324,150,174
2006,172,0,19881,Robert Damron,327,181,146
2006,173,0,6575,Dudley Hart,328,187,141
2006,173,0,20634,Peter Lonard,328,173,155
2006,175,0,20099,Doug Barron,330,145,185
2006,176,0,6197,Michael Allen,331,165,166
2006,177,0,9011,David Duval,332,145,187
2006,177,0,20572,Rod Pampling,332,160,172
2006,179,0,25632,Jimmy Walker,333,154,179
2006,180,0,23718,Nathan Green,335,177,158
2006,181,0,23409,James Driscoll,339,158,181
2006,182,0,1685,J.L. Lewis,341,174,167
2006,182,0,25345,Carl Pettersson,341,166,175
2006,184,0,1599,Steve Jones,342,179,163
2006,185,0,22371,Aaron Baddeley,348,155,193
2006,186,0,1577,Lee Janzen,351,194,157
2006,187,0,20121,Todd Fischer,357,181,176
2006,188,0,1948,Tim Petrovic,362,180,182
2006,189,0,12755,Vance Veazey,370,190,180
2006,190,0,25935,John Engler Jr.,374,186,188
2006,191,0,1761,Len Mattiace,375,183,192
2006,192,0,20593,Greg Chalmers,382,191,191
2006,193,0,1887,Mark O'Meara,384,195,189
2006,194,0,20548,Hidemichi Tanaka,387,192,195
2006,195,0,1473,Todd Hamilton,389,193,196
2006,196,0,1329,Brad Faxon,390,196,194
2005,1,0,1945,Kenny Perry,5,2,3
2005,2,0,6621,Joe Durant,6,4,2
2005,3,0,1766,Billy Mayfair,19,9,10
2005,4,0,8123,Jeff Brehaut,20,15,5
2005,5,0,23349,Charles Warren,21,5,16
2005,6,0,26758,David Hearn,28,1,27
2005,6,0,26287,Roland Thatcher,28,19,9
2005,8,0,21951,Joey Snyder III,29,8,21
2005,9,0,10885,Robert Allenby,32,21,11
2005,10,0,20498,Briny Baird,34,22,12
2005,11,0,21209,Sergio Garcia,39,38,1
2005,12,0,20645,John Senden,40,10,30
2005,13,0,2101,Joey Sindelar,42,23,19
2005,14,0,22405,Justin Rose,45,16,29
2005,15,0,6567,Vijay Singh,46,42,4
2005,16,0,1142,Bart Bryant,47,30,17
2005,17,0,23623,Bo Van Pelt,50,32,18
2005,18,0,23353,J.J. Henry,52,44,8
2005,18,0,26420,Richard Johnson,52,24,28
2005,20,0,2106,Chris Smith,57,44,13
2005,21,0,21805,Harrison Frazar,61,3,58
2005,22,0,25900,Lucas Glover,62,27,35
2005,23,0,23788,D.J. Trahan,64,33,31
2005,24,0,24024,Zach Johnson,65,12,53
2005,25,0,24140,Sean O'Hair,67,26,41
2005,26,0,1035,Tommy Armour III,70,44,26
2005,27,0,6034,Marco Dawson,75,38,37
2005,27,0,2206,David Toms,75,36,39
2005,29,0,20094,Jonathan Kaye,77,24,53
2005,30,0,1139,Olin Browne,79,64,15
2005,30,0,22293,Heath Slocum,79,56,23
2005,32,0,12510,Chad Campbell,82,62,20
2005,33,0,19824,Craig Barlow,86,33,53
2005,34,0,24980,Scott Gutschewski,87,54,33
2005,35,0,22913,John Rollins,90,12,78
2005,36,0,8793,Tiger Woods,92,86,6
2005,37,0,1161,Mark Calcavecchia,96,20,76
2005,37,0,23322,Brett Wetterich,96,72,24
2005,39,0,1685,J.L. Lewis,99,27,72
2005,40,0,24912,Will MacKenzie,104,11,93
2005,40,0,22295,Darron Stiles,104,44,60
2005,42,0,6595,Kevin Sutherland,106,62,44
2005,43,0,20098,Stuart Appleby,107,59,48
2005,44,0,10809,Jim Furyk,109,102,7
2005,44,0,20378,Mathias Grönberg,109,6,103
2005,44,0,22046,Geoff Ogilvy,109,56,53
2005,47,0,1706,Davis Love III,110,59,51
2005,48,0,1724,Jeff Maggert,111,27,84
2005,48,0,2239,Scott Verplank,111,50,61
2005,50,0,20548,Hidemichi Tanaka,113,65,48
2005,51,0,10962,Bradley Hughes,114,7,107
2005,51,0,21959,Ted Purdy,114,16,98
2005,53,0,23325,Vaughn Taylor,116,36,80
2005,54,0,21753,Brian Davis,117,38,79
2005,55,0,20691,Greg Owen,119,76,43
2005,56,0,24781,Hunter Mahan,121,69,52
2005,57,0,2246,Duffy Waldorf,122,58,64
2005,58,0,20502,Michael Long,123,12,111
2005,58,0,1810,Phil Mickelson,123,76,47
2005,60,0,10733,Kent Jones,124,38,86
2005,61,0,20472,Alex Cejka,125,30,95
2005,62,0,1677,Tom Lehman,127,93,34
2005,62,0,2223,Bob Tway,127,91,36
2005,64,0,24502,Adam Scott,134,94,40
2005,65,0,24507,Jason Bohn,135,61,74
2005,66,0,20628,Arron Oberholser,136,86,50
2005,66,0,27095,Nick Watney,136,68,68
2005,68,0,20157,Retief Goosen,137,99,38
2005,68,0,1797,Rocco Mediate,137,50,87
2005,70,0,1361,Dan Forsman,138,124,14
2005,71,0,23983,Luke Donald,141,119,22
2005,71,0,1313,Steve Elkington,141,99,42
2005,71,0,12454,Mario Tiziani,141,74,67
2005,74,0,20099,Doug Barron,145,99,46
2005,75,0,1226,Fred Couples,146,121,25
2005,76,0,23725,Brendan Jones,147,94,53
2005,76,0,8385,Omar Uresti,147,88,59
2005,78,0,20812,Tjaart van der Walt,149,83,66
2005,79,0,8075,Jerry Kelly,150,80,70
2005,80,0,25240,D.A. Points,153,50,103
2005,81,0,24290,D.J. Brigman,154,16,138
2005,81,0,12826,Paul Claxton,154,44,110
2005,83,0,20572,Rod Pampling,156,74,82
2005,84,0,1381,Fred Funk,162,94,68
2005,85,0,1553,John Huston,165,35,130
2005,86,0,26679,Kevin Stadler,166,50,116
2005,87,0,6573,Brandt Jobe,167,82,85
2005,88,0,24357,K.J. Choi,168,44,124
2005,89,0,12782,Tim Herron,172,76,96
2005,90,0,21407,Arjun Atwal,173,67,106
2005,91,0,20396,Lee Westwood,175,42,133
2005,92,0,2104,Jeff Sluman,176,131,45
2005,93,0,12652,Cameron Beckman,178,69,109
2005,94,0,23320,Ryan Palmer,180,91,89
2005,95,0,1707,Steve Lowery,182,69,113
2005,96,0,25345,Carl Pettersson,183,110,73
2005,97,0,20382,Stephen Leaney,189,128,61
2005,98,0,11032,Frank Lickliter II,190,107,83
2005,99,0,7223,Brian Bateman,193,76,117
2005,100,0,24925,Jonathan Byrd,195,80,115
2005,101,0,10860,Justin Leonard,196,102,94
2005,101,0,20474,Phillip Price,196,98,98
2005,101,0,10425,Jay Williamson,196,54,142
2005,104,0,21878,Mark Wilson,199,124,75
2005,105,0,12823,Carlos Franco,207,142,65
2005,105,0,8545,Glen Hnatiuk,207,175,32
2005,107,0,12602,Dean Wilson,212,131,81
2005,108,0,23497,Tag Ridings,214,117,97
2005,109,0,20663,Brenden Pappas,215,107,108
2005,110,0,21633,Steve Allan,216,88,128
2005,110,0,1941,Tom Pernice Jr.,216,65,151
2005,112,0,23135,Tim Clark,217,94,123
2005,112,0,21961,Charles Howell III,217,146,71
2005,114,0,6332,Neal Lancaster,220,128,92
2005,115,0,19881,Robert Damron,221,84,137
2005,115,0,20433,Mark Hensby,221,72,149
2005,117,0,12680,Shigeki Maruyama,223,135,88
2005,118,0,6515,Shaun Micheel,224,124,100
2005,119,0,1157,Tom Byrum,226,121,105
2005,120,0,2214,Kirk Triplett,228,107,121
2005,121,0,6575,Dudley Hart,231,170,61
2005,122,0,1388,Robert Gamez,235,116,119
2005,122,0,8725,Tom Gillis,235,110,125
2005,124,0,2010,Loren Roberts,239,150,89
2005,125,0,23108,Matt Kuchar,240,90,150
2005,126,0,20634,Peter Lonard,243,121,122
2005,127,0,1320,Bob Estes,249,135,114
2005,127,0,24361,Pat Perez,249,110,139
2005,129,0,23063,Scott Hend,252,106,146
2005,130,0,1619,Skip Kendall,255,102,153
2005,131,0,7749,Brett Quigley,259,147,112
2005,132,0,1219,John Cook,261,128,133
2005,133,0,1249,John Daly,262,110,152
2005,133,0,1487,Jeff Hart,262,102,160
2005,135,0,20229,Stewart Cink,264,187,77
2005,136,0,6373,José María Olazábal,269,180,89
2005,137,0,1127,Danny Briggs,271,138,133
2005,137,0,20850,Daniel Chopra,271,138,133
2005,137,0,1418,Bill Glasson,271,153,118
2005,140,0,20623,Gavin Coles,275,110,165
2005,141,0,7867,Woody Austin,276,156,120
2005,142,0,19972,José Coceres,277,84,193
2005,143,0,10585,Scott McCarron,278,131,147
2005,144,0,1666,Bernhard Langer,283,182,101
2005,145,0,1473,Todd Hamilton,285,145,140
2005,145,0,1823,Larry Mize,285,120,165
2005,147,0,22548,Patrick Sheehan,291,147,144
2005,148,0,23552,Hank Kuehne,293,115,178
2005,149,0,1024,Billy Andrade,294,162,132
2005,150,0,24604,Hunter Haas,295,167,128
2005,150,0,1927,Dennis Paulson,295,131,164
2005,150,0,1948,Tim Petrovic,295,193,102
2005,153,0,21350,Ryuji Imada,298,171,127
2005,154,0,1175,Jim Carter,300,124,176
2005,155,0,23409,James Driscoll,304,159,145
2005,155,0,7457,Steve Flesch,304,156,148
2005,157,0,19846,Brian Gay,314,152,162
2005,158,0,6251,Chris DiMarco,316,191,125
2005,158,0,12645,Brent Geiberger,316,175,141
2005,160,0,6599,John Elliott,317,117,200
2005,160,0,21806,Paul Gow,317,147,170
2005,162,0,8931,Glen Day,318,144,174
2005,162,0,20766,Padraig Harrington,318,164,154
2005,164,0,1928,Corey Pavin,324,167,157
2005,165,0,1599,Steve Jones,325,143,182
2005,165,0,21949,Joe Ogilvie,325,153,172
2005,167,0,23541,Ben Crane,326,165,161
2005,167,0,1577,Lee Janzen,326,195,131
2005,167,0,23621,Rory Sabbatini,326,138,188
2005,170,0,6197,Michael Allen,330,174,156
2005,171,0,23614,Rich Beem,332,189,143
2005,171,0,24138,Ian Poulter,332,160,172
2005,171,0,10423,Mike Weir,332,161,171
2005,174,0,12660,Jesper Parnevik,334,151,183
2005,175,0,23540,Jason Allred,335,137,198
2005,176,0,20127,Chris Riley,337,138,199
2005,177,0,10201,Matt Gogel,339,180,159
2005,178,0,6004,Stephen Ames,342,173,169
2005,179,0,28088,Matt Davidson,345,153,192
2005,179,0,1457,Jay Haas,345,169,176
2005,181,0,21731,Freddie Jacobson,347,184,163
2005,182,0,8537,J.P. Hayes,348,193,155
2005,183,0,22621,Ben Curtis,350,175,175
2005,184,0,10117,Bob Heintz,351,162,189
2005,185,0,1132,Mark Brooks,353,156,197
2005,186,0,24227,Justin Bolli,356,171,185
2005,187,0,8993,Franklin Langham,359,201,158
2005,188,0,23036,Chris Anderson,360,175,185
2005,188,0,20121,Todd Fischer,360,179,181
2005,188,0,20160,Charlie Wi,360,165,195
2005,191,0,10912,Craig Perks,363,196,167
2005,192,0,1329,Brad Faxon,368,201,167
2005,192,0,1723,Andrew Magee,368,185,183
2005,194,0,21498,Hideto Tanihara,370,183,187
2005,195,0,12662,Thomas Levet,371,192,179
2005,196,0,22371,Aaron Baddeley,376,185,191
2005,197,0,1042,Paul Azinger,377,187,190
2005,198,0,6527,Steve Stricker,379,199,180
2005,199,0,25396,Kevin Na,384,190,194
2005,200,0,1887,Mark O'Meara,393,197,196
2005,201,0,25847,Rob Rashell,398,198,200
2005,202,0,1761,Len Mattiace,402,200,202
2004,1,0,6621,Joe Durant,6,5,1
2004,2,0,20645,John Senden,8,2,6
2004,3,0,10885,Robert Allenby,19,11,8
2004,4,0,1677,Tom Lehman,22,19,3
2004,5,0,25900,Lucas Glover,41,3,38
2004,5,0,23325,Vaughn Taylor,41,18,23
2004,7,0,19824,Craig Barlow,42,8,34
2004,7,0,23623,Bo Van Pelt,42,10,32
2004,9,0,1142,Bart Bryant,43,30,13
2004,9,0,21959,Ted Purdy,43,3,40
2004,11,0,1810,Phil Mickelson,44,34,10
2004,12,0,20498,Briny Baird,45,40,5
2004,12,0,1139,Olin Browne,45,33,12
2004,14,0,26287,Roland Thatcher,49,22,27
2004,14,0,2246,Duffy Waldorf,49,40,9
2004,14,0,21878,Mark Wilson,49,35,14
2004,17,0,24024,Zach Johnson,50,21,29
2004,18,0,2101,Joey Sindelar,52,16,36
2004,19,0,6567,Vijay Singh,54,52,2
2004,19,0,2106,Chris Smith,54,47,7
2004,21,0,1945,Kenny Perry,55,37,18
2004,22,0,24507,Jason Bohn,57,7,50
2004,23,0,12652,Cameron Beckman,59,14,45
2004,24,0,23353,J.J. Henry,61,5,56
2004,25,0,10733,Kent Jones,62,23,39
2004,26,0,7223,Brian Bateman,63,9,54
2004,26,0,22046,Geoff Ogilvy,63,14,49
2004,28,0,8123,Jeff Brehaut,65,1,64
2004,29,0,20157,Retief Goosen,71,54,17
2004,30,0,1553,John Huston,77,61,16
2004,31,0,7867,Woody Austin,84,59,25
2004,32,0,6004,Stephen Ames,85,61,24
2004,33,0,2239,Scott Verplank,87,67,20
2004,34,0,20628,Arron Oberholser,89,45,44
2004,35,0,24361,Pat Perez,90,24,66
2004,35,0,1941,Tom Pernice Jr.,90,40,50
2004,37,0,20094,Jonathan Kaye,92,35,57
2004,38,0,20029,Notah Begay III,93,27,66
2004,39,0,1685,J.L. Lewis,98,40,58
2004,40,0,23983,Luke Donald,100,89,11
2004,40,0,1313,Steve Elkington,100,30,70
2004,42,0,1766,Billy Mayfair,101,26,75
2004,43,0,10425,Jay Williamson,102,13,89
2004,44,0,21805,Harrison Frazar,106,12,94
2004,44,0,10585,Scott McCarron,106,16,90
2004,44,0,2214,Kirk Triplett,106,72,34
2004,47,0,1527,Scott Hoch,108,89,19
2004,47,0,22293,Heath Slocum,108,67,41
2004,49,0,21633,Steve Allan,113,61,52
2004,49,0,12510,Chad Campbell,113,82,31
2004,49,0,1724,Jeff Maggert,113,76,37
2004,52,0,12645,Brent Geiberger,114,29,85
2004,53,0,21209,Sergio Garcia,115,111,4
2004,54,0,23320,Ryan Palmer,116,28,88
2004,55,0,20548,Hidemichi Tanaka,118,47,71
2004,56,0,8075,Jerry Kelly,121,93,28
2004,57,0,21646,David Branshaw,126,61,65
2004,57,0,1797,Rocco Mediate,126,40,86
2004,59,0,1127,Danny Briggs,129,103,26
2004,60,0,1388,Robert Gamez,132,50,82
2004,61,0,8793,Tiger Woods,133,85,48
2004,62,0,1161,Mark Calcavecchia,135,32,103
2004,63,0,24290,D.J. Brigman,140,60,80
2004,64,0,11032,Frank Lickliter II,142,37,105
2004,65,0,21961,Charles Howell III,144,70,74
2004,65,0,2104,Jeff Sluman,144,129,15
2004,67,0,22405,Justin Rose,151,118,33
2004,68,0,23135,Tim Clark,153,74,79
2004,68,0,10860,Justin Leonard,153,80,73
2004,70,0,20098,Stuart Appleby,155,58,97
2004,70,0,1249,John Daly,155,95,60
2004,70,0,25686,Jason Dufner,155,89,66
2004,73,0,6515,Shaun Micheel,166,120,46
2004,74,0,1219,John Cook,167,109,58
2004,74,0,1226,Fred Couples,167,105,62
2004,74,0,12823,Carlos Franco,167,145,22
2004,74,0,26420,Richard Johnson,167,56,111
2004,78,0,2206,David Toms,169,148,21
2004,79,0,1706,Davis Love III,172,56,116
2004,80,0,23108,Matt Kuchar,173,82,91
2004,81,0,23614,Rich Beem,175,46,129
2004,82,0,6251,Chris DiMarco,176,133,43
2004,82,0,8337,Mike Heinen,176,20,156
2004,84,0,1381,Fred Funk,179,93,86
2004,85,0,7721,Pat Bates,180,117,63
2004,85,0,20572,Rod Pampling,180,111,69
2004,87,0,10201,Matt Gogel,181,39,142
2004,88,0,6595,Kevin Sutherland,182,47,135
2004,89,0,22548,Patrick Sheehan,186,85,101
2004,90,0,22913,John Rollins,187,25,162
2004,91,0,1577,Lee Janzen,188,158,30
2004,92,0,6522,Ernie Els,194,111,83
2004,93,0,24502,Adam Scott,195,111,84
2004,94,0,2010,Loren Roberts,196,142,54
2004,95,0,24781,Hunter Mahan,199,69,130
2004,96,0,1035,Tommy Armour III,201,103,98
2004,97,0,1927,Dennis Paulson,202,52,150
2004,98,0,1203,Russ Cochran,204,151,53
2004,99,0,19972,José Coceres,205,65,140
2004,99,0,25396,Kevin Na,205,98,107
2004,99,0,23497,Tag Ridings,205,89,116
2004,102,0,20433,Mark Hensby,207,66,141
2004,103,0,8339,Spike McRoy,209,107,102
2004,103,0,7749,Brett Quigley,209,131,78
2004,105,0,10107,Deane Pappas,215,78,137
2004,106,0,20850,Daniel Chopra,217,95,122
2004,106,0,23307,Roger Tambellini,217,74,143
2004,108,0,20229,Stewart Cink,218,157,61
2004,109,0,2002,John Riegger,220,178,42
2004,109,0,23621,Rory Sabbatini,220,120,100
2004,111,0,1457,Jay Haas,221,174,47
2004,111,0,6332,Neal Lancaster,221,145,76
2004,113,0,21893,Brian Kortan,224,54,170
2004,114,0,1157,Tom Byrum,225,95,130
2004,114,0,12782,Tim Herron,225,129,96
2004,116,0,23613,Rich Barcelo,228,116,112
2004,116,0,20580,Andre Stolz,228,79,149
2004,118,0,24925,Jonathan Byrd,230,50,180
2004,119,0,7457,Steve Flesch,231,150,81
2004,119,0,1926,Steve Pate,231,132,99
2004,121,0,25345,Carl Pettersson,232,124,108
2004,122,0,19881,Robert Damron,233,107,126
2004,123,0,1261,Jay Delsing,235,125,110
2004,123,0,12660,Jesper Parnevik,235,163,72
2004,125,0,19825,Darren Clarke,238,118,120
2004,126,0,6575,Dudley Hart,239,148,91
2004,127,0,8537,J.P. Hayes,242,109,133
2004,128,0,8835,Kris Cox,243,71,172
2004,128,0,1619,Skip Kendall,243,85,158
2004,130,0,23063,Scott Hend,244,85,159
2004,131,0,20382,Stephen Leaney,246,142,104
2004,132,0,8931,Glen Day,248,72,176
2004,133,0,20472,Alex Cejka,249,122,127
2004,134,0,7363,Craig Bowden,250,98,152
2004,134,0,2099,Scott Simpson,250,81,169
2004,136,0,20634,Peter Lonard,251,98,153
2004,136,0,1948,Tim Petrovic,251,115,136
2004,138,0,23541,Ben Crane,253,135,118
2004,138,0,10423,Mike Weir,253,158,95
2004,140,0,23552,Hank Kuehne,256,101,155
2004,141,0,24357,K.J. Choi,257,180,77
2004,142,0,10213,Dicky Pride,261,101,160
2004,143,0,12682,Hirofumi Miyase,263,76,187
2004,144,0,11123,Chris Couch,265,82,183
2004,144,0,12760,Danny Ellis,265,140,125
2004,144,0,8385,Omar Uresti,265,105,160
2004,147,0,1666,Bernhard Langer,268,175,93
2004,148,0,6197,Michael Allen,273,158,115
2004,149,0,12394,Tom Carter,275,122,153
2004,150,0,20663,Brenden Pappas,276,125,151
2004,151,0,20378,Mathias Grönberg,281,137,144
2004,152,0,12680,Shigeki Maruyama,286,178,108
2004,153,0,21949,Joe Ogilvie,289,144,145
2004,153,0,2223,Bob Tway,289,183,106
2004,155,0,1938,David Peoples,290,169,121
2004,156,0,1707,Steve Lowery,292,169,123
2004,157,0,22621,Ben Curtis,293,155,138
2004,157,0,1928,Corey Pavin,293,125,168
2004,157,0,2245,Grant Waite,293,161,132
2004,160,0,21731,Freddie Jacobson,295,182,113
2004,161,0,1378,David Frost,299,171,128
2004,162,0,1024,Billy Andrade,300,186,114
2004,162,0,1320,Bob Estes,300,181,119
2004,164,0,8881,Tripp Isenhour,302,163,139
2004,165,0,21407,Arjun Atwal,303,140,163
2004,166,0,6214,Guy Boros,307,125,182
2004,166,0,1361,Dan Forsman,307,161,146
2004,168,0,2049,Gene Sauers,308,137,171
2004,169,0,1771,Blaine McCallister,310,176,134
2004,170,0,20585,Niclas Fasth,312,133,179
2004,171,0,20121,Todd Fischer,313,189,124
2004,171,0,7939,Dan Olsen,313,135,178
2004,173,0,6809,Bob Burns,322,155,167
2004,174,0,10912,Craig Perks,323,176,147
2004,175,0,12753,David Morland IV,325,137,188
2004,176,0,1887,Mark O'Meara,332,166,166
2004,177,0,1042,Paul Azinger,337,190,147
2004,177,0,1761,Len Mattiace,337,145,192
2004,179,0,20593,Greg Chalmers,339,154,185
2004,180,0,6078,Esteban Toledo,340,152,188
2004,181,0,19846,Brian Gay,344,167,177
2004,181,0,1968,Nick Price,344,152,192
2004,183,0,12602,Dean Wilson,345,172,173
2004,184,0,1473,Todd Hamilton,347,190,157
2004,185,0,1132,Mark Brooks,355,165,190
2004,186,0,20127,Chris Riley,357,192,165
2004,187,0,12705,Cliff Kresge,358,172,186
2004,188,0,25237,Kevin Muncrief,359,167,192
2004,189,0,6373,José María Olazábal,360,196,164
2004,189,0,6613,Tommy Tolles,360,185,175
2004,191,0,20104,Ken Duke,361,187,174
2004,192,0,1920,Craig Parry,372,188,184
2004,193,0,1329,Brad Faxon,375,194,181
2004,194,0,22371,Aaron Baddeley,379,184,195
2004,195,0,6527,Steve Stricker,386,195,191
2004,196,0,23338,David Gossett,389,193,196
2003,1,0,12510,Chad Campbell,8,4,4
2003,2,0,8337,Mike Heinen,9,1,8
2003,3,0,6621,Joe Durant,11,10,1
2003,4,0,20645,John Senden,13,6,7
2003,5,0,20498,Briny Baird,15,13,2
2003,6,0,1945,Kenny Perry,23,3,20
2003,7,0,10885,Robert Allenby,24,9,15
2003,8,0,10809,Jim Furyk,31,25,6
2003,9,0,8123,Jeff Brehaut,33,17,16
2003,10,0,2170,Hal Sutton,35,11,24
2003,11,0,6567,Vijay Singh,39,27,12
2003,12,0,1938,David Peoples,51,38,13
2003,13,0,23353,J.J. Henry,55,35,20
2003,14,0,1706,Davis Love III,56,26,30
2003,15,0,2002,John Riegger,57,19,38
2003,15,0,2214,Kirk Triplett,57,38,19
2003,17,0,21805,Harrison Frazar,63,12,51
2003,18,0,10733,Kent Jones,65,24,41
2003,19,0,23338,David Gossett,66,35,31
2003,19,0,6581,David Sutherland,66,56,10
2003,19,0,20548,Hidemichi Tanaka,66,33,33
2003,22,0,1553,John Huston,67,47,20
2003,23,0,20157,Retief Goosen,68,59,9
2003,24,0,7223,Brian Bateman,69,16,53
2003,25,0,8725,Tom Gillis,70,20,50
2003,25,0,2106,Chris Smith,70,52,18
2003,27,0,7941,Mike Grob,71,7,64
2003,27,0,8793,Tiger Woods,71,45,26
2003,29,0,20574,Mathew Goggin,73,28,45
2003,29,0,1677,Tom Lehman,73,68,5
2003,29,0,20095,Carl Paulson,73,2,71
2003,29,0,2101,Joey Sindelar,73,56,17
2003,33,0,6573,Brandt Jobe,75,28,47
2003,34,0,8075,Jerry Kelly,76,42,34
2003,35,0,2223,Bob Tway,77,66,11
2003,36,0,2246,Duffy Waldorf,80,44,36
2003,37,0,8375,Paul Stankowski,82,68,14
2003,38,0,6522,Ernie Els,83,55,28
2003,39,0,1035,Tommy Armour III,85,5,80
2003,39,0,1569,Peter Jacobsen,85,23,62
2003,41,0,19824,Craig Barlow,87,22,65
2003,42,0,23034,Brent Schwarzrock,88,14,74
2003,43,0,10565,Ian Leggatt,92,50,42
2003,44,0,20094,Jonathan Kaye,94,42,52
2003,45,0,23177,Kenneth Staton,97,8,89
2003,46,0,1361,Dan Forsman,101,98,3
2003,46,0,2104,Jeff Sluman,101,77,24
2003,48,0,1766,Billy Mayfair,102,33,69
2003,49,0,12652,Cameron Beckman,104,49,55
2003,50,0,1797,Rocco Mediate,107,51,56
2003,50,0,22295,Darron Stiles,107,17,90
2003,52,0,21961,Charles Howell III,110,67,43
2003,52,0,1723,Andrew Magee,110,71,39
2003,52,0,20572,Rod Pampling,110,31,79
2003,55,0,22293,Heath Slocum,111,52,59
2003,56,0,1619,Skip Kendall,112,40,72
2003,57,0,12705,Cliff Kresge,121,31,90
2003,58,0,6515,Shaun Micheel,125,102,23
2003,59,0,12823,Carlos Franco,127,98,29
2003,59,0,1381,Fred Funk,127,70,57
2003,61,0,20472,Alex Cejka,129,63,66
2003,62,0,6034,Marco Dawson,130,98,32
2003,63,0,8931,Glen Day,131,85,46
2003,63,0,20663,Brenden Pappas,131,73,58
2003,65,0,7721,Pat Bates,132,95,37
2003,65,0,8339,Spike McRoy,132,105,27
2003,67,0,20628,Arron Oberholser,134,47,87
2003,68,0,1685,J.L. Lewis,142,60,82
2003,69,0,2206,David Toms,144,104,40
2003,69,0,10425,Jay Williamson,144,28,116
2003,71,0,24357,K.J. Choi,147,80,67
2003,71,0,1388,Robert Gamez,147,80,67
2003,73,0,20436,Garrett Willis,148,20,128
2003,74,0,1724,Jeff Maggert,149,52,97
2003,74,0,6595,Kevin Sutherland,149,105,44
2003,76,0,12782,Tim Herron,150,63,87
2003,76,0,6332,Neal Lancaster,150,87,63
2003,78,0,21739,Aaron Barber,152,71,81
2003,79,0,19825,Darren Clarke,154,15,139
2003,80,0,8633,Per-Ulrik Johansson,156,63,93
2003,80,0,2239,Scott Verplank,156,103,53
2003,82,0,6004,Stephen Ames,158,124,34
2003,82,0,8545,Glen Hnatiuk,158,85,73
2003,84,0,7867,Woody Austin,162,114,48
2003,85,0,21209,Sergio Garcia,165,87,78
2003,86,0,1139,Olin Browne,169,93,76
2003,87,0,24925,Jonathan Byrd,171,35,136
2003,88,0,1475,Donnie Hammond,176,80,96
2003,89,0,1320,Bob Estes,177,117,60
2003,90,0,22548,Patrick Sheehan,178,73,105
2003,91,0,1948,Tim Petrovic,179,87,92
2003,92,0,11032,Frank Lickliter II,182,80,102
2003,93,0,20098,Stuart Appleby,188,93,95
2003,93,0,25692,Akio Sadakata,188,113,75
2003,95,0,23552,Hank Kuehne,189,87,102
2003,96,0,23135,Tim Clark,192,91,101
2003,97,0,6251,Chris DiMarco,195,134,61
2003,98,0,12662,Thomas Levet,196,147,49
2003,99,0,10423,Mike Weir,199,114,85
2003,100,0,23125,Brad Elder,202,56,146
2003,101,0,1810,Phil Mickelson,203,95,108
2003,102,0,10213,Dicky Pride,204,105,99
2003,103,0,26420,Richard Johnson,207,77,130
2003,104,0,7457,Steve Flesch,210,140,70
2003,105,0,23621,Rory Sabbatini,213,76,137
2003,106,0,20029,Notah Begay III,220,77,143
2003,107,0,1249,John Daly,223,91,132
2003,107,0,19881,Robert Damron,223,73,150
2003,109,0,19972,José Coceres,224,40,184
2003,109,0,20634,Peter Lonard,224,105,119
2003,111,0,23983,Luke Donald,228,134,94
2003,112,0,10860,Justin Leonard,229,129,100
2003,112,0,24502,Adam Scott,229,61,168
2003,114,0,22621,Ben Curtis,231,117,114
2003,114,0,10107,Deane Pappas,231,61,170
2003,116,0,21878,Mark Wilson,234,95,139
2003,117,0,23614,Rich Beem,236,84,152
2003,117,0,26489,Cameron Yancey,236,46,190
2003,119,0,12645,Brent Geiberger,237,126,111
2003,120,0,12388,Michael Clark II,239,162,77
2003,121,0,1707,Steve Lowery,241,131,110
2003,121,0,6078,Esteban Toledo,241,157,84
2003,123,0,8537,J.P. Hayes,245,162,83
2003,124,0,22046,Geoff Ogilvy,247,139,108
2003,125,0,6643,Paul Goydos,252,138,114
2003,126,0,24356,Jason Buha,253,128,125
2003,126,0,7749,Brett Quigley,253,167,86
2003,128,0,23036,Chris Anderson,254,121,133
2003,128,0,1157,Tom Byrum,254,98,156
2003,128,0,10585,Scott McCarron,254,110,144
2003,131,0,11011,Mike Sposa,256,152,104
2003,132,0,1161,Mark Calcavecchia,260,134,126
2003,133,0,20099,Doug Barron,263,105,158
2003,133,0,1307,Joel Edwards,263,145,118
2003,135,0,21806,Paul Gow,267,160,107
2003,136,0,1226,Fred Couples,269,142,127
2003,137,0,12680,Shigeki Maruyama,271,165,106
2003,138,0,20229,Stewart Cink,273,175,98
2003,138,0,2010,Loren Roberts,273,121,152
2003,140,0,23541,Ben Crane,278,156,122
2003,140,0,1941,Tom Pernice Jr.,278,155,123
2003,142,0,20940,Kenichi Kuboya,280,150,130
2003,143,0,2049,Gene Sauers,282,144,138
2003,144,0,6809,Bob Burns,283,141,142
2003,144,0,12660,Jesper Parnevik,283,170,113
2003,146,0,1577,Lee Janzen,284,172,112
2003,147,0,26950,John Morgan,285,121,164
2003,148,0,1175,Jim Carter,288,131,157
2003,148,0,24361,Pat Perez,288,129,159
2003,150,0,12661,Todd Barranger,290,110,180
2003,150,0,23108,Matt Kuchar,290,157,133
2003,152,0,21633,Steve Allan,291,124,167
2003,153,0,23656,Jason Caron,292,119,173
2003,153,0,8547,John Maginnes,292,145,147
2003,155,0,1098,Jay Don Blake,293,173,120
2003,156,0,1457,Jay Haas,294,177,117
2003,157,0,22913,John Rollins,300,131,169
2003,157,0,12602,Dean Wilson,300,159,141
2003,159,0,20623,Gavin Coles,301,114,187
2003,159,0,22892,Jason Gore,301,120,181
2003,159,0,1968,Nick Price,301,147,154
2003,159,0,25450,Ty Tryon,301,112,189
2003,163,0,6575,Dudley Hart,304,184,120
2003,163,0,1928,Corey Pavin,304,126,178
2003,165,0,10201,Matt Gogel,305,160,145
2003,166,0,25345,Carl Pettersson,306,178,128
2003,167,0,25031,Andy Miller,308,137,171
2003,168,0,1024,Billy Andrade,309,185,124
2003,169,0,6617,Brian Henninger,313,152,161
2003,170,0,12755,Vance Veazey,314,149,165
2003,171,0,20573,Scott Laycock,317,168,149
2003,171,0,10912,Craig Perks,317,162,155
2003,173,0,1042,Paul Azinger,321,186,135
2003,174,0,20771,Steven Alker,325,150,175
2003,175,0,1378,David Frost,329,178,151
2003,176,0,20121,Todd Fischer,330,182,148
2003,176,0,6475,Jeff Klein,330,142,188
2003,178,0,20566,Kaname Yokoo,337,152,185
2003,179,0,7101,Dave Stockton Jr.,338,176,162
2003,180,0,1132,Mark Brooks,342,170,172
2003,181,0,20593,Greg Chalmers,343,169,174
2003,182,0,19846,Brian Gay,345,182,163
2003,183,0,20568,Anthony Painter,347,165,182
2003,184,0,20127,Chris Riley,349,173,176
2003,185,0,1329,Brad Faxon,350,190,160
2003,186,0,1666,Bernhard Langer,353,187,166
2003,187,0,1761,Len Mattiace,355,178,177
2003,188,0,22371,Aaron Baddeley,364,181,183
2003,189,0,1887,Mark O'Meara,367,188,179
2003,190,0,6527,Steve Stricker,375,189,186
2002,1,0,2106,Chris Smith,5,2,3
2002,2,0,8793,Tiger Woods,12,11,1
2002,3,0,10885,Robert Allenby,18,3,15
2002,4,0,1945,Kenny Perry,23,17,6
2002,5,0,20645,John Senden,25,12,13
2002,6,0,21961,Charles Howell III,26,1,25
2002,7,0,12510,Chad Campbell,34,13,21
2002,7,0,23353,J.J. Henry,34,4,30
2002,7,0,6567,Vijay Singh,34,27,7
2002,10,0,1677,Tom Lehman,43,35,8
2002,11,0,1797,Rocco Mediate,48,30,18
2002,12,0,1142,Bart Bryant,50,38,12
2002,12,0,8545,Glen Hnatiuk,50,35,15
2002,12,0,2002,John Riegger,50,33,17
2002,15,0,1577,Lee Janzen,55,21,34
2002,16,0,23338,David Gossett,59,23,36
2002,17,0,6621,Joe Durant,61,52,9
2002,17,0,6573,Brandt Jobe,61,35,26
2002,19,0,20498,Briny Baird,62,8,54
2002,19,0,1381,Fred Funk,62,57,5
2002,19,0,1553,John Huston,62,34,28
2002,22,0,1320,Bob Estes,63,52,11
2002,22,0,6515,Shaun Micheel,63,59,4
2002,24,0,2101,Joey Sindelar,65,41,24
2002,25,0,10962,Bradley Hughes,68,23,45
2002,25,0,22913,John Rollins,68,26,42
2002,27,0,23177,Kenneth Staton,71,21,50
2002,27,0,2206,David Toms,71,61,10
2002,29,0,20548,Hidemichi Tanaka,75,6,69
2002,30,0,10809,Jim Furyk,76,74,2
2002,31,0,10860,Justin Leonard,77,27,50
2002,32,0,1475,Donnie Hammond,80,27,53
2002,33,0,7003,David Berganio Jr.,81,49,32
2002,34,0,1307,Joel Edwards,82,45,37
2002,34,0,12823,Carlos Franco,82,41,41
2002,36,0,12652,Cameron Beckman,83,31,52
2002,36,0,20029,Notah Begay III,83,10,73
2002,38,0,1388,Robert Gamez,85,15,70
2002,39,0,1810,Phil Mickelson,86,39,47
2002,40,0,1938,David Peoples,88,65,23
2002,41,0,1569,Peter Jacobsen,91,16,75
2002,42,0,7457,Steve Flesch,94,31,63
2002,43,0,26289,Boo Weekley,97,7,90
2002,44,0,1685,J.L. Lewis,99,44,55
2002,45,0,8633,Per-Ulrik Johansson,100,8,92
2002,45,0,11032,Frank Lickliter II,100,40,60
2002,47,0,2223,Bob Tway,107,69,38
2002,48,0,23614,Rich Beem,111,46,65
2002,48,0,20157,Retief Goosen,111,82,29
2002,50,0,20634,Peter Lonard,112,73,39
2002,51,0,7223,Brian Bateman,113,20,93
2002,52,0,1948,Tim Petrovic,116,55,61
2002,53,0,8123,Jeff Brehaut,117,61,56
2002,54,0,23983,Luke Donald,123,96,27
2002,54,0,2239,Scott Verplank,123,92,31
2002,56,0,2246,Duffy Waldorf,124,19,105
2002,57,0,23135,Tim Clark,127,49,78
2002,58,0,6251,Chris DiMarco,129,89,40
2002,59,0,2133,Craig Stadler,130,41,89
2002,60,0,1920,Craig Parry,133,87,46
2002,61,0,21209,Sergio Garcia,134,4,130
2002,61,0,2214,Kirk Triplett,134,48,86
2002,63,0,20094,Jonathan Kaye,136,25,111
2002,64,0,1706,Davis Love III,137,52,85
2002,64,0,1926,Steve Pate,137,117,20
2002,66,0,7721,Pat Bates,141,92,49
2002,66,0,20095,Carl Paulson,141,18,123
2002,68,0,6004,Stephen Ames,142,60,82
2002,69,0,12645,Brent Geiberger,144,80,64
2002,70,0,8931,Glen Day,147,89,58
2002,70,0,1707,Steve Lowery,147,76,71
2002,72,0,24925,Jonathan Byrd,150,14,136
2002,73,0,1161,Mark Calcavecchia,152,64,88
2002,73,0,1361,Dan Forsman,152,133,19
2002,73,0,2170,Hal Sutton,152,57,95
2002,76,0,1771,Blaine McCallister,155,78,77
2002,76,0,10423,Mike Weir,155,141,14
2002,78,0,10565,Ian Leggatt,158,84,74
2002,79,0,10585,Scott McCarron,161,94,67
2002,80,0,12388,Michael Clark II,168,69,99
2002,81,0,6498,Matt Peterson,169,112,57
2002,82,0,20572,Rod Pampling,170,49,121
2002,82,0,2010,Loren Roberts,170,135,35
2002,84,0,8881,Tripp Isenhour,172,66,106
2002,85,0,2104,Jeff Sluman,174,152,22
2002,86,0,1219,John Cook,175,131,44
2002,87,0,8075,Jerry Kelly,178,119,59
2002,88,0,20574,Mathew Goggin,179,76,103
2002,89,0,9011,David Duval,185,85,100
2002,90,0,20098,Stuart Appleby,186,89,97
2002,91,0,1157,Tom Byrum,187,100,87
2002,92,0,23623,Bo Van Pelt,189,61,128
2002,93,0,1766,Billy Mayfair,191,115,76
2002,94,0,19824,Craig Barlow,192,112,80
2002,95,0,1724,Jeff Maggert,196,55,141
2002,96,0,21633,Steve Allan,199,115,84
2002,96,0,21805,Harrison Frazar,199,67,132
2002,98,0,23621,Rory Sabbatini,201,122,79
2002,99,0,1203,Russ Cochran,205,97,108
2002,99,0,1968,Nick Price,205,71,134
2002,101,0,12663,Phil Tataurangi,206,125,81
2002,101,0,10425,Jay Williamson,206,105,101
2002,103,0,23322,Brett Wetterich,210,71,139
2002,104,0,1761,Len Mattiace,211,117,94
2002,104,0,22293,Heath Slocum,211,94,117
2002,106,0,6350,Bob May,214,181,33
2002,107,0,6809,Bob Burns,217,126,91
2002,108,0,1139,Olin Browne,218,105,113
2002,108,0,1927,Dennis Paulson,218,100,118
2002,108,0,6595,Kevin Sutherland,218,175,43
2002,111,0,12782,Tim Herron,221,112,109
2002,112,0,20105,Jeff Gove,223,151,72
2002,112,0,10457,Frank Nobilo,223,108,115
2002,114,0,19881,Robert Damron,225,46,179
2002,114,0,23108,Matt Kuchar,225,87,138
2002,116,0,24357,K.J. Choi,226,120,106
2002,117,0,1374,Robin Freeman,229,133,96
2002,118,0,1035,Tommy Armour III,231,98,133
2002,118,0,20502,Michael Long,231,169,62
2002,120,0,2245,Grant Waite,234,137,97
2002,121,0,10213,Dicky Pride,235,188,47
2002,122,0,1175,Jim Carter,237,79,158
2002,123,0,20436,Garrett Willis,239,67,172
2002,124,0,6575,Dudley Hart,240,172,68
2002,125,0,20229,Stewart Cink,243,177,66
2002,126,0,23541,Ben Crane,245,74,171
2002,126,0,10733,Kent Jones,245,124,121
2002,128,0,6643,Paul Goydos,250,98,152
2002,128,0,20127,Chris Riley,250,136,114
2002,130,0,8375,Paul Stankowski,251,86,165
2002,131,0,22046,Geoff Ogilvy,252,105,147
2002,132,0,12826,Paul Claxton,254,111,143
2002,133,0,8339,Spike McRoy,255,173,82
2002,134,0,1226,Fred Couples,256,129,127
2002,135,0,21806,Paul Gow,259,147,112
2002,136,0,1941,Tom Pernice Jr.,261,138,123
2002,137,0,23903,Stephen Gangluff,263,108,155
2002,138,0,20043,Edward Fryatt,265,100,165
2002,138,0,6617,Brian Henninger,265,163,102
2002,140,0,6016,Brad Lardon,267,122,145
2002,141,0,24361,Pat Perez,269,82,187
2002,142,0,1527,Scott Hoch,270,155,115
2002,143,0,19846,Brian Gay,271,142,129
2002,143,0,12753,David Morland IV,271,104,167
2002,145,0,6078,Esteban Toledo,274,149,125
2002,146,0,1599,Steve Jones,275,126,149
2002,147,0,1185,Brandel Chamblee,278,175,103
2002,148,0,20566,Kaname Yokoo,279,80,199
2002,149,0,11011,Mike Sposa,280,149,131
2002,150,0,21259,Jason Hill,281,162,119
2002,151,0,6036,Scott Dunlap,283,173,110
2002,152,0,6332,Neal Lancaster,284,147,137
2002,153,0,1014,Fulton Allem,289,108,181
2002,154,0,6522,Ernie Els,290,155,135
2002,154,0,20663,Brenden Pappas,290,132,158
2002,156,0,1098,Jay Don Blake,292,152,140
2002,157,0,6613,Tommy Tolles,293,129,164
2002,158,0,1249,John Daly,295,100,195
2002,159,0,1619,Skip Kendall,301,140,161
2002,160,0,12680,Shigeki Maruyama,305,157,148
2002,161,0,10649,Tom Scherrer,306,186,120
2002,162,0,24937,Jess Daley,308,159,149
2002,163,0,8537,J.P. Hayes,309,165,144
2002,164,0,23125,Brad Elder,312,159,153
2002,164,0,1723,Andrew Magee,312,152,160
2002,166,0,1132,Mark Brooks,313,143,170
2002,166,0,8553,Lee Porter,313,138,175
2002,168,0,12660,Jesper Parnevik,315,189,126
2002,169,0,1514,Eduardo Herrera,321,120,201
2002,170,0,1887,Mark O'Meara,322,180,142
2002,170,0,1928,Corey Pavin,322,126,196
2002,172,0,19958,Miguel Angel Jiménez,323,145,178
2002,173,0,6315,Pete Jordan,325,143,182
2002,174,0,1024,Billy Andrade,326,177,149
2002,175,0,6527,Steve Stricker,329,146,183
2002,176,0,1666,Bernhard Langer,330,184,146
2002,177,0,10201,Matt Gogel,339,177,162
2002,177,0,7749,Brett Quigley,339,171,168
2002,179,0,1329,Brad Faxon,340,186,154
2002,180,0,1313,Steve Elkington,342,169,173
2002,181,0,20593,Greg Chalmers,344,181,163
2002,182,0,8993,Franklin Langham,345,168,177
2002,183,0,7867,Woody Austin,347,167,180
2002,184,0,1457,Jay Haas,348,192,156
2002,185,0,6197,Michael Allen,350,158,192
2002,185,0,23800,Bryce Molder,350,193,157
2002,187,0,10107,Deane Pappas,352,164,188
2002,188,0,19972,José Coceres,357,159,198
2002,189,0,6012,Greg Kraft,363,194,169
2002,190,0,1378,David Frost,365,191,174
2002,191,0,10117,Bob Heintz,367,165,202
2002,192,0,8535,Gary Nicklaus,370,195,175
2002,193,0,2110,Jerry Smith,373,183,190
2002,194,0,10912,Craig Perks,376,190,186
2002,195,0,1042,Paul Azinger,381,196,185
2002,196,0,21949,Joe Ogilvie,384,184,200
2002,197,0,19817,Michael Muehr,385,201,184
2002,198,0,2257,Brian Watts,386,197,189
2002,199,0,1549,Mike Hulbert,393,200,193
2002,199,0,6373,José María Olazábal,393,202,191
2002,199,0,2322,Richard Zokol,393,199,194
2002,202,0,2099,Scott Simpson,395,198,197
2001,1,0,21961,Charles Howell III,5,3,2
2001,2,0,6621,Joe Durant,9,5,4
2001,3,0,1475,Donnie Hammond,14,4,10
2001,4,0,23353,J.J. Henry,18,5,13
2001,4,0,1677,Tom Lehman,18,17,1
2001,6,0,1945,Kenny Perry,22,14,8
2001,7,0,2170,Hal Sutton,25,16,9
2001,8,0,1810,Phil Mickelson,31,5,26
2001,8,0,2106,Chris Smith,31,15,16
2001,10,0,2206,David Toms,34,27,7
2001,11,0,10585,Scott McCarron,37,12,25
2001,12,0,8793,Tiger Woods,44,39,5
2001,13,0,10885,Robert Allenby,45,12,33
2001,14,0,20498,Briny Baird,48,21,27
2001,15,0,6573,Brandt Jobe,51,11,40
2001,16,0,21209,Sergio Garcia,56,1,55
2001,17,0,6004,Stephen Ames,57,21,36
2001,18,0,11032,Frank Lickliter II,58,10,48
2001,19,0,1797,Rocco Mediate,63,51,12
2001,19,0,2223,Bob Tway,63,58,5
2001,21,0,1766,Billy Mayfair,65,38,27
2001,21,0,2002,John Riegger,65,21,44
2001,23,0,1938,David Peoples,67,35,32
2001,24,0,23034,Brent Schwarzrock,70,1,69
2001,25,0,12782,Tim Herron,72,51,21
2001,25,0,6567,Vijay Singh,72,42,30
2001,27,0,1707,Steve Lowery,75,24,51
2001,28,0,1307,Joel Edwards,76,41,35
2001,29,0,7003,David Berganio Jr.,78,5,73
2001,29,0,1219,John Cook,78,75,3
2001,29,0,2246,Duffy Waldorf,78,25,53
2001,32,0,8545,Glen Hnatiuk,84,73,11
2001,32,0,8633,Per-Ulrik Johansson,84,32,52
2001,32,0,1706,Davis Love III,84,64,20
2001,35,0,10809,Jim Furyk,85,68,17
2001,36,0,9011,David Duval,87,46,41
2001,37,0,1139,Olin Browne,91,42,49
2001,37,0,10962,Bradley Hughes,91,48,43
2001,39,0,12652,Cameron Beckman,93,51,42
2001,39,0,1203,Russ Cochran,93,35,58
2001,41,0,20094,Jonathan Kaye,94,20,74
2001,42,0,2239,Scott Verplank,95,81,14
2001,43,0,1724,Jeff Maggert,98,31,67
2001,44,0,1226,Fred Couples,101,77,24
2001,45,0,20095,Carl Paulson,106,9,97
2001,46,0,12645,Brent Geiberger,108,30,78
2001,47,0,7457,Steve Flesch,112,55,57
2001,48,0,2214,Kirk Triplett,114,95,19
2001,49,0,1381,Fred Funk,115,65,50
2001,50,0,19972,José Coceres,116,55,61
2001,51,0,1161,Mark Calcavecchia,118,55,63
2001,52,0,1527,Scott Hoch,120,45,75
2001,53,0,10565,Ian Leggatt,121,42,79
2001,54,0,2245,Grant Waite,126,35,91
2001,55,0,1943,Chris Perry,128,81,47
2001,56,0,1042,Paul Azinger,131,97,34
2001,56,0,1553,John Huston,131,113,18
2001,58,0,8075,Jerry Kelly,133,102,31
2001,59,0,6809,Bob Burns,134,69,65
2001,59,0,1920,Craig Parry,134,70,64
2001,61,0,21805,Harrison Frazar,136,49,87
2001,62,0,12660,Jesper Parnevik,140,58,82
2001,63,0,23614,Rich Beem,141,17,124
2001,64,0,10457,Frank Nobilo,142,84,58
2001,65,0,1063,Ben Bates,146,17,129
2001,65,0,2101,Joey Sindelar,146,70,76
2001,67,0,8375,Paul Stankowski,148,63,85
2001,68,0,1457,Jay Haas,152,113,39
2001,68,0,22122,Andrew McLardy,152,27,125
2001,70,0,20566,Kaname Yokoo,154,27,127
2001,71,0,6350,Bob May,155,117,38
2001,72,0,6575,Dudley Hart,156,119,37
2001,72,0,1619,Skip Kendall,156,79,77
2001,74,0,1968,Nick Price,161,93,68
2001,75,0,1249,John Daly,163,93,70
2001,76,0,7749,Brett Quigley,165,79,86
2001,77,0,1487,Jeff Hart,166,110,56
2001,78,0,10423,Mike Weir,167,107,60
2001,79,0,20098,Stuart Appleby,168,25,143
2001,80,0,2104,Jeff Sluman,171,149,22
2001,81,0,19824,Craig Barlow,173,102,71
2001,81,0,6251,Chris DiMarco,173,158,15
2001,83,0,1157,Tom Byrum,174,74,100
2001,84,0,6522,Ernie Els,180,81,99
2001,85,0,1035,Tommy Armour III,181,34,147
2001,85,0,1175,Jim Carter,181,62,119
2001,85,0,11011,Mike Sposa,181,89,92
2001,88,0,19881,Robert Damron,182,46,136
2001,89,0,2257,Brian Watts,184,78,106
2001,89,0,8057,Brian Wilson,184,32,152
2001,91,0,10860,Justin Leonard,185,104,81
2001,92,0,6332,Neal Lancaster,186,132,54
2001,93,0,20229,Stewart Cink,187,158,29
2001,93,0,19846,Brian Gay,187,107,80
2001,95,0,6034,Marco Dawson,189,117,72
2001,95,0,6595,Kevin Sutherland,189,166,23
2001,97,0,6036,Scott Dunlap,190,70,120
2001,98,0,20593,Greg Chalmers,192,89,103
2001,99,0,1313,Steve Elkington,195,51,144
2001,100,0,10201,Matt Gogel,197,84,113
2001,101,0,21584,Richie Coughlan,198,40,158
2001,101,0,1418,Bill Glasson,198,132,66
2001,103,0,12388,Michael Clark II,199,101,98
2001,104,0,1320,Bob Estes,200,155,45
2001,105,0,20127,Chris Riley,201,67,134
2001,105,0,20436,Garrett Willis,201,75,126
2001,107,0,20574,Mathew Goggin,202,97,105
2001,108,0,8537,J.P. Hayes,209,97,112
2001,109,0,23621,Rory Sabbatini,210,115,95
2001,110,0,8123,Jeff Brehaut,211,119,92
2001,111,0,20433,Mark Hensby,216,50,166
2001,112,0,1666,Bernhard Langer,219,173,46
2001,113,0,22046,Geoff Ogilvy,220,65,155
2001,114,0,1771,Blaine McCallister,222,89,133
2001,115,0,22892,Jason Gore,223,60,163
2001,116,0,8931,Glen Day,224,92,132
2001,116,0,1361,Dan Forsman,224,141,83
2001,116,0,6613,Tommy Tolles,224,116,108
2001,119,0,1577,Lee Janzen,225,163,62
2001,120,0,23125,Brad Elder,230,61,169
2001,121,0,12823,Carlos Franco,233,122,111
2001,121,0,8553,Lee Porter,233,84,149
2001,123,0,1374,Robin Freeman,235,146,89
2001,124,0,10912,Craig Perks,241,104,137
2001,125,0,10733,Kent Jones,242,122,120
2001,126,0,10425,Jay Williamson,243,134,109
2001,127,0,1685,J.L. Lewis,247,110,137
2001,128,0,1098,Jay Don Blake,248,134,114
2001,129,0,25083,Jeremy Anderson,249,110,139
2001,130,0,24357,K.J. Choi,250,149,101
2001,131,0,20043,Edward Fryatt,254,144,110
2001,132,0,7867,Woody Austin,256,152,104
2001,133,0,12760,Danny Ellis,257,87,170
2001,133,0,1388,Robert Gamez,257,126,131
2001,133,0,8339,Spike McRoy,257,169,88
2001,136,0,6431,Jean Van de Velde,258,104,154
2001,137,0,21007,Gabriel Hjertstedt,259,87,172
2001,137,0,6090,Jim McGovern,259,141,118
2001,139,0,6315,Pete Jordan,260,125,135
2001,140,0,6078,Esteban Toledo,262,139,123
2001,141,0,12680,Shigeki Maruyama,263,156,107
2001,141,0,2218,Ted Tryba,263,149,114
2001,143,0,1599,Steve Jones,265,163,102
2001,144,0,12714,Chris Tidland,266,119,147
2001,145,0,6373,José María Olazábal,269,185,84
2001,145,0,10213,Dicky Pride,269,95,174
2001,147,0,6515,Shaun Micheel,272,144,128
2001,148,0,6012,Greg Kraft,273,179,94
2001,149,0,2010,Loren Roberts,274,158,116
2001,150,0,1024,Billy Andrade,276,131,145
2001,150,0,1823,Larry Mize,276,126,150
2001,152,0,6514,Kevin Johnson,280,128,152
2001,152,0,1887,Mark O'Meara,280,190,90
2001,154,0,12705,Cliff Kresge,281,139,142
2001,155,0,1093,Ronnie Black,284,162,122
2001,156,0,1132,Mark Brooks,285,122,163
2001,157,0,19817,Michael Muehr,288,192,96
2001,158,0,21633,Steve Allan,289,100,189
2001,159,0,1014,Fulton Allem,291,130,161
2001,160,0,1185,Brandel Chamblee,293,134,159
2001,161,0,6643,Paul Goydos,295,134,161
2001,161,0,8063,Kelly Grunewald,295,109,186
2001,163,0,6617,Brian Henninger,296,129,167
2001,164,0,21806,Paul Gow,298,158,140
2001,165,0,1329,Brad Faxon,299,182,117
2001,166,0,2279,Mark Wiebe,306,176,130
2001,167,0,1927,Dennis Paulson,308,168,140
2001,167,0,2110,Jerry Smith,308,148,160
2001,169,0,1941,Tom Pernice Jr.,313,156,157
2001,170,0,2099,Scott Simpson,320,169,151
2001,171,0,1928,Corey Pavin,321,138,183
2001,172,0,8881,Tripp Isenhour,324,152,172
2001,172,0,1926,Steve Pate,324,178,146
2001,174,0,12753,David Morland IV,325,146,179
2001,175,0,7763,Doug Dunakey,327,143,184
2001,176,0,1723,Andrew Magee,330,165,165
2001,177,0,1761,Len Mattiace,335,167,168
2001,178,0,21949,Joe Ogilvie,337,152,185
2001,179,0,20099,Doug Barron,344,188,156
2001,179,0,10963,Jimmy Green,344,173,171
2001,181,0,6527,Steve Stricker,346,171,175
2001,182,0,22051,Ben Ferguson,358,177,181
2001,182,0,8535,Gary Nicklaus,358,180,178
2001,184,0,24604,Hunter Haas,363,172,191
2001,185,0,1200,Keith Clearwater,367,185,182
2001,185,0,1378,David Frost,367,187,180
2001,185,0,6591,Rocky Walcher,367,173,194
2001,188,0,7101,Dave Stockton Jr.,368,181,187
2001,189,0,10649,Tom Scherrer,369,193,176
2001,190,0,2294,Willie Wood,371,194,177
2001,191,0,7547,Craig Kanada,374,184,190
2001,192,0,6140,Sean Murphy,375,183,192
2001,193,0,8993,Franklin Langham,377,189,188
2001,194,0,1603,Jeff Julian,384,191,193
2000,1,0,8793,Tiger Woods,2,1,1
2000,2,0,9011,David Duval,11,2,9
2000,3,0,1943,Chris Perry,15,11,4
2000,4,0,6621,Joe Durant,20,18,2
2000,4,0,1945,Kenny Perry,20,17,3
2000,6,0,2170,Hal Sutton,25,10,15
2000,7,0,6036,Scott Dunlap,33,14,19
2000,7,0,7457,Steve Flesch,33,25,8
2000,9,0,2206,David Toms,34,23,11
2000,10,0,1161,Mark Calcavecchia,37,6,31
2000,11,0,6567,Vijay Singh,40,34,6
2000,11,0,2214,Kirk Triplett,40,24,16
2000,13,0,1307,Joel Edwards,41,15,26
2000,13,0,1938,David Peoples,41,27,14
2000,15,0,20574,Mathew Goggin,43,22,21
2000,16,0,1707,Steve Lowery,51,8,43
2000,17,0,1418,Bill Glasson,52,16,36
2000,18,0,2239,Scott Verplank,55,38,17
2000,19,0,1677,Tom Lehman,56,46,10
2000,20,0,1724,Jeff Maggert,59,19,40
2000,21,0,20593,Greg Chalmers,61,27,34
2000,21,0,1706,Davis Love III,61,33,28
2000,23,0,2245,Grant Waite,63,31,32
2000,24,0,1408,Kelly Gibson,66,46,20
2000,25,0,1797,Rocco Mediate,67,13,54
2000,26,0,6251,Chris DiMarco,68,45,23
2000,26,0,6350,Bob May,68,55,13
2000,26,0,20095,Carl Paulson,68,9,59
2000,29,0,1810,Phil Mickelson,69,26,43
2000,30,0,1968,Nick Price,73,27,46
2000,31,0,10885,Robert Allenby,74,5,69
2000,32,0,1313,Steve Elkington,78,44,34
2000,33,0,1771,Blaine McCallister,79,54,25
2000,34,0,1185,Brandel Chamblee,83,62,21
2000,35,0,1219,John Cook,84,72,12
2000,36,0,1381,Fred Funk,86,58,28
2000,37,0,10809,Jim Furyk,87,42,45
2000,38,0,6522,Ernie Els,90,7,83
2000,39,0,6575,Dudley Hart,92,69,23
2000,40,0,10860,Justin Leonard,94,42,52
2000,41,0,2246,Duffy Waldorf,96,78,18
2000,42,0,1975,Tom Purtzer,98,48,50
2000,43,0,1139,Olin Browne,99,62,37
2000,43,0,21805,Harrison Frazar,99,4,95
2000,45,0,1920,Craig Parry,101,27,74
2000,46,0,8545,Glen Hnatiuk,102,95,7
2000,47,0,12645,Brent Geiberger,103,35,68
2000,48,0,1388,Robert Gamez,110,68,42
2000,49,0,1527,Scott Hoch,111,78,33
2000,50,0,1577,Lee Janzen,112,40,72
2000,51,0,1226,Fred Couples,114,109,5
2000,52,0,1569,Peter Jacobsen,116,31,85
2000,53,0,6004,Stephen Ames,118,69,49
2000,53,0,20094,Jonathan Kaye,118,19,99
2000,55,0,20445,Casey Martin,120,50,70
2000,55,0,10425,Jay Williamson,120,12,108
2000,57,0,23125,Brad Elder,125,38,87
2000,58,0,1035,Tommy Armour III,128,35,93
2000,58,0,24357,K.J. Choi,128,55,73
2000,60,0,8375,Paul Stankowski,129,66,63
2000,60,0,6581,David Sutherland,129,77,52
2000,62,0,1157,Tom Byrum,130,59,71
2000,62,0,1766,Billy Mayfair,130,74,56
2000,64,0,1619,Skip Kendall,133,72,61
2000,65,0,7867,Woody Austin,134,50,84
2000,66,0,12782,Tim Herron,137,60,77
2000,67,0,6515,Shaun Micheel,138,78,60
2000,68,0,19824,Craig Barlow,140,60,80
2000,69,0,10457,Frank Nobilo,144,65,79
2000,70,0,23614,Rich Beem,146,50,96
2000,70,0,11032,Frank Lickliter II,146,55,91
2000,72,0,1685,J.L. Lewis,147,106,41
2000,72,0,12660,Jesper Parnevik,147,53,94
2000,74,0,10649,Tom Scherrer,148,100,48
2000,74,0,10423,Mike Weir,148,109,39
2000,76,0,8993,Franklin Langham,151,90,61
2000,77,0,20229,Stewart Cink,152,125,27
2000,78,0,12388,Michael Clark II,153,21,132
2000,79,0,20043,Edward Fryatt,156,40,116
2000,79,0,8075,Jerry Kelly,156,78,78
2000,81,0,6573,Brandt Jobe,164,97,67
2000,82,0,6595,Kevin Sutherland,166,128,38
2000,83,0,12652,Cameron Beckman,168,92,76
2000,84,0,20029,Notah Begay III,170,66,104
2000,85,0,6044,Scott Gump,173,92,81
2000,85,0,10962,Bradley Hughes,173,109,64
2000,87,0,1553,John Huston,177,95,82
2000,88,0,8931,Glen Day,179,90,89
2000,88,0,21209,Sergio Garcia,179,3,176
2000,88,0,1996,Mike Reid,179,125,54
2000,91,0,1761,Len Mattiace,181,64,117
2000,92,0,20098,Stuart Appleby,182,76,106
2000,93,0,1723,Andrew Magee,183,85,98
2000,94,0,6012,Greg Kraft,188,141,47
2000,95,0,24356,Jason Buha,189,87,102
2000,96,0,19881,Robert Damron,190,35,155
2000,97,0,20105,Jeff Gove,192,100,92
2000,98,0,7763,Doug Dunakey,194,87,107
2000,99,0,6809,Bob Burns,196,74,122
2000,100,0,2010,Loren Roberts,197,109,88
2000,101,0,6315,Pete Jordan,198,97,101
2000,102,0,2101,Joey Sindelar,202,144,58
2000,103,0,2110,Jerry Smith,204,102,102
2000,103,0,2223,Bob Tway,204,174,30
2000,105,0,1326,Nick Faldo,205,48,157
2000,106,0,1203,Russ Cochran,206,140,66
2000,107,0,6617,Brian Henninger,215,118,97
2000,107,0,1926,Steve Pate,215,106,109
2000,109,0,1823,Larry Mize,216,78,138
2000,110,0,19846,Brian Gay,218,89,129
2000,110,0,21949,Joe Ogilvie,218,83,135
2000,112,0,2104,Jeff Sluman,219,168,51
2000,112,0,6078,Esteban Toledo,219,129,90
2000,114,0,1142,Bart Bryant,221,102,119
2000,115,0,1014,Fulton Allem,224,106,118
2000,115,0,12680,Shigeki Maruyama,224,83,141
2000,115,0,2279,Mark Wiebe,224,102,122
2000,118,0,1042,Paul Azinger,225,115,110
2000,119,0,20099,Doug Barron,233,169,64
2000,120,0,1191,Barry Cheesman,240,121,119
2000,120,0,1361,Dan Forsman,240,166,74
2000,120,0,8045,Perry Moss,240,183,57
2000,123,0,1063,Ben Bates,242,130,112
2000,124,0,10585,Scott McCarron,244,86,158
2000,124,0,2257,Brian Watts,244,158,86
2000,126,0,1599,Steve Jones,246,69,177
2000,127,0,2133,Craig Stadler,250,145,105
2000,128,0,10963,Jimmy Green,251,115,136
2000,129,0,20127,Chris Riley,253,121,132
2000,130,0,23621,Rory Sabbatini,255,92,163
2000,131,0,6140,Sean Murphy,256,124,132
2000,132,0,1374,Robin Freeman,259,132,127
2000,133,0,1533,P.H. Horgan III,261,109,152
2000,134,0,1905,Joe Ozaki,262,152,110
2000,134,0,6431,Jean Van de Velde,262,132,130
2000,136,0,10569,Mike Brisky,264,119,145
2000,136,0,8537,J.P. Hayes,264,149,115
2000,138,0,6088,Steve Gotsche,267,153,114
2000,139,0,1093,Ronnie Black,269,170,99
2000,140,0,1249,John Daly,272,97,175
2000,141,0,6332,Neal Lancaster,273,160,113
2000,141,0,8547,John Maginnes,273,119,154
2000,141,0,1927,Dennis Paulson,273,102,171
2000,144,0,7749,Brett Quigley,276,146,130
2000,145,0,1098,Jay Don Blake,277,137,140
2000,146,0,6643,Paul Goydos,278,127,151
2000,146,0,22913,John Rollins,278,135,143
2000,148,0,12753,David Morland IV,282,154,128
2000,149,0,6090,Jim McGovern,285,166,119
2000,150,0,12823,Carlos Franco,286,160,126
2000,150,0,21007,Gabriel Hjertstedt,286,138,148
2000,152,0,8385,Omar Uresti,287,141,146
2000,153,0,1132,Mark Brooks,288,138,150
2000,154,0,6062,Charles Raulerson,289,115,174
2000,155,0,8243,Aaron Bengoechea,295,123,172
2000,155,0,1329,Brad Faxon,295,157,138
2000,155,0,1376,Bob Friend,295,131,164
2000,158,0,11011,Mike Sposa,299,174,125
2000,158,0,2218,Ted Tryba,299,109,190
2000,160,0,1320,Bob Estes,301,132,169
2000,161,0,1116,Michael Bradley,307,160,147
2000,162,0,8535,Gary Nicklaus,308,184,124
2000,163,0,10912,Craig Perks,309,165,144
2000,164,0,1261,Jay Delsing,311,150,161
2000,165,0,1941,Tom Pernice Jr.,312,159,153
2000,166,0,1457,Jay Haas,317,155,162
2000,167,0,7363,Craig Bowden,318,135,183
2000,167,0,10201,Matt Gogel,318,181,137
2000,169,0,7101,Dave Stockton Jr.,320,178,142
2000,170,0,19822,Bobby Cochran,326,147,179
2000,171,0,10213,Dicky Pride,329,170,159
2000,172,0,6527,Steve Stricker,332,155,177
2000,173,0,10117,Bob Heintz,333,148,185
2000,174,0,1928,Corey Pavin,335,141,194
2000,175,0,21593,Keith Nolan,336,150,186
2000,176,0,1282,Trevor Dodds,338,189,149
2000,177,0,1510,Nolan Henke,342,186,156
2000,178,0,1024,Billy Andrade,345,177,168
2000,178,0,1331,Rick Fehr,345,186,159
2000,180,0,23656,Jason Caron,347,174,173
2000,180,0,1175,Jim Carter,347,180,167
2000,182,0,6613,Tommy Tolles,351,170,181
2000,183,0,6014,Eric Booker,352,182,170
2000,183,0,11653,Paul Curry,352,160,192
2000,185,0,22064,Craig Spence,353,173,180
2000,186,0,1040,Emlyn Aubrey,355,190,165
2000,186,0,1489,Steve Hart,355,160,195
2000,188,0,2131,Mike Springer,359,193,166
2000,189,0,1323,Brad Fabel,360,178,182
2000,190,0,12449,Ryan Howison,369,185,184
2000,191,0,1378,David Frost,377,188,189
2000,192,0,7753,Kevin Wentworth,378,191,187
2000,193,0,1549,Mike Hulbert,382,195,187
2000,194,0,1072,Chip Beck,385,194,191
2000,194,0,1887,Mark O'Meara,385,192,193
1999,1,0,9011,David Duval,2,1,1
1999,2,0,1706,Davis Love III,6,2,4
1999,2,0,2170,Hal Sutton,6,3,3
1999,4,0,2246,Duffy Waldorf,7,5,2
1999,5,0,8793,Tiger Woods,9,4,5
1999,6,0,6522,Ernie Els,17,11,6
1999,7,0,6036,Scott Dunlap,25,13,12
1999,8,0,1968,Nick Price,26,10,16
1999,9,0,6621,Joe Durant,28,21,7
1999,10,0,1945,Kenny Perry,31,8,23
1999,11,0,8045,Perry Moss,32,6,26
1999,11,0,2245,Grant Waite,32,7,25
1999,13,0,10885,Robert Allenby,35,16,19
1999,13,0,1381,Fred Funk,35,21,14
1999,15,0,6567,Vijay Singh,36,26,10
1999,16,0,10860,Justin Leonard,38,30,8
1999,17,0,1943,Chris Perry,40,23,17
1999,18,0,1810,Phil Mickelson,42,20,22
1999,19,0,1553,John Huston,44,33,11
1999,20,0,12782,Tim Herron,47,12,35
1999,21,0,10962,Bradley Hughes,49,13,36
1999,22,0,1677,Tom Lehman,51,42,9
1999,22,0,2239,Scott Verplank,51,31,20
1999,24,0,1313,Steve Elkington,52,39,13
1999,25,0,12660,Jesper Parnevik,53,23,30
1999,25,0,2214,Kirk Triplett,53,8,45
1999,27,0,2223,Bob Tway,57,33,24
1999,28,0,6004,Stephen Ames,60,42,18
1999,28,0,1724,Jeff Maggert,60,19,41
1999,30,0,1418,Bill Glasson,64,17,47
1999,31,0,10423,Mike Weir,67,28,39
1999,32,0,1161,Mark Calcavecchia,68,39,29
1999,33,0,1320,Bob Estes,70,37,33
1999,34,0,6044,Scott Gump,72,57,15
1999,35,0,1766,Billy Mayfair,74,28,46
1999,36,0,8931,Glen Day,75,18,57
1999,36,0,1797,Rocco Mediate,75,32,43
1999,38,0,20094,Jonathan Kaye,79,52,27
1999,38,0,2104,Jeff Sluman,79,59,20
1999,40,0,7867,Woody Austin,86,49,37
1999,41,0,20229,Stewart Cink,89,55,34
1999,42,0,6575,Dudley Hart,94,23,71
1999,42,0,1926,Steve Pate,94,62,32
1999,44,0,2257,Brian Watts,98,71,27
1999,45,0,10809,Jim Furyk,101,62,39
1999,46,0,20498,Briny Baird,104,62,42
1999,46,0,1927,Dennis Paulson,104,66,38
1999,48,0,1905,Joe Ozaki,105,15,90
1999,49,0,2218,Ted Tryba,106,52,54
1999,50,0,1203,Russ Cochran,111,51,60
1999,51,0,20029,Notah Begay III,113,44,69
1999,52,0,21007,Gabriel Hjertstedt,114,49,65
1999,53,0,1035,Tommy Armour III,116,35,81
1999,54,0,6062,Charles Raulerson,117,66,51
1999,55,0,1723,Andrew Magee,118,36,82
1999,56,0,1619,Skip Kendall,121,41,80
1999,56,0,1685,J.L. Lewis,121,46,75
1999,56,0,1771,Blaine McCallister,121,48,73
1999,59,0,1226,Fred Couples,124,93,31
1999,60,0,1577,Lee Janzen,126,52,74
1999,61,0,1761,Len Mattiace,134,37,97
1999,62,0,2133,Craig Stadler,135,91,44
1999,63,0,10649,Tom Scherrer,139,77,62
1999,64,0,21805,Harrison Frazar,140,47,93
1999,64,0,10457,Frank Nobilo,140,84,56
1999,66,0,8123,Jeff Brehaut,143,93,50
1999,67,0,1139,Olin Browne,147,62,85
1999,68,0,1040,Emlyn Aubrey,148,27,121
1999,69,0,7457,Steve Flesch,150,83,67
1999,69,0,8537,J.P. Hayes,150,58,92
1999,71,0,10425,Jay Williamson,151,73,78
1999,72,0,6595,Kevin Sutherland,157,104,53
1999,73,0,2010,Loren Roberts,158,109,49
1999,74,0,11032,Frank Lickliter II,165,77,88
1999,75,0,23614,Rich Beem,167,68,99
1999,75,0,1633,Tom Kite,167,99,68
1999,75,0,2206,David Toms,167,101,66
1999,78,0,20098,Stuart Appleby,171,77,94
1999,78,0,1533,P.H. Horgan III,171,84,87
1999,80,0,12645,Brent Geiberger,172,120,52
1999,81,0,6315,Pete Jordan,178,87,91
1999,82,0,1042,Paul Azinger,179,109,70
1999,83,0,11123,Chris Couch,181,69,112
1999,84,0,1132,Mark Brooks,185,77,108
1999,85,0,1219,John Cook,186,123,63
1999,86,0,6599,John Elliott,187,104,83
1999,86,0,8547,John Maginnes,187,115,72
1999,88,0,19824,Craig Barlow,189,61,128
1999,89,0,6643,Paul Goydos,190,77,113
1999,90,0,1527,Scott Hoch,191,134,57
1999,91,0,1823,Larry Mize,192,87,105
1999,92,0,1361,Dan Forsman,193,132,61
1999,93,0,6251,Chris DiMarco,197,142,55
1999,93,0,6140,Sean Murphy,197,92,105
1999,95,0,12652,Cameron Beckman,200,84,116
1999,95,0,12823,Carlos Franco,200,124,76
1999,95,0,1996,Mike Reid,200,104,96
1999,95,0,2106,Chris Smith,200,75,125
1999,99,0,1569,Peter Jacobsen,203,55,148
1999,100,0,1261,Jay Delsing,204,147,57
1999,100,0,23349,Charles Warren,204,44,160
1999,102,0,10733,Kent Jones,205,69,136
1999,103,0,1063,Ben Bates,207,74,133
1999,103,0,8993,Franklin Langham,207,103,104
1999,105,0,6809,Bob Burns,208,59,149
1999,106,0,21949,Joe Ogilvie,213,82,131
1999,107,0,6617,Brian Henninger,216,101,115
1999,108,0,23621,Rory Sabbatini,218,75,143
1999,109,0,1098,Jay Don Blake,220,118,102
1999,109,0,2146,Payne Stewart,220,141,79
1999,111,0,1191,Barry Cheesman,222,90,132
1999,111,0,1282,Trevor Dodds,222,133,89
1999,111,0,1599,Steve Jones,222,145,77
1999,114,0,20593,Greg Chalmers,225,109,116
1999,115,0,1157,Tom Byrum,226,108,118
1999,115,0,1374,Robin Freeman,226,162,64
1999,115,0,1887,Mark O'Meara,226,179,47
1999,118,0,1975,Tom Purtzer,228,89,139
1999,118,0,2023,Clarence Rose,228,93,135
1999,120,0,2279,Mark Wiebe,234,120,114
1999,121,0,7763,Doug Dunakey,237,134,103
1999,122,0,20213,Katsumasa Miyamoto,238,128,110
1999,123,0,6527,Steve Stricker,239,142,97
1999,124,0,1093,Ronnie Black,247,161,86
1999,125,0,8385,Omar Uresti,248,137,111
1999,126,0,6581,David Sutherland,249,119,130
1999,127,0,6078,Esteban Toledo,250,130,120
1999,128,0,19881,Robert Damron,252,71,181
1999,129,0,1707,Steve Lowery,253,124,129
1999,129,0,1941,Tom Pernice Jr.,253,109,144
1999,129,0,2101,Joey Sindelar,253,152,101
1999,132,0,1928,Corey Pavin,257,100,157
1999,133,0,2008,Lee Rinker,259,164,95
1999,134,0,10213,Dicky Pride,260,160,100
1999,135,0,11011,Mike Sposa,261,117,144
1999,136,0,10585,Scott McCarron,262,93,169
1999,137,0,1388,Robert Gamez,263,180,83
1999,138,0,1116,Michael Bradley,264,114,150
1999,139,0,1014,Fulton Allem,265,142,123
1999,140,0,1249,John Daly,273,98,175
1999,141,0,1127,Danny Briggs,276,139,137
1999,142,0,23623,Bo Van Pelt,277,97,180
1999,143,0,8075,Jerry Kelly,278,159,119
1999,144,0,20099,Doug Barron,280,171,109
1999,144,0,1385,Jim Gallagher Jr.,280,104,176
1999,146,0,8553,Lee Porter,281,134,147
1999,147,0,1175,Jim Carter,283,156,127
1999,148,0,1024,Billy Andrade,285,178,107
1999,149,0,7781,Ty Armstrong,286,152,134
1999,149,0,10963,Jimmy Green,286,130,156
1999,149,0,8375,Paul Stankowski,286,120,166
1999,152,0,6332,Neal Lancaster,287,166,121
1999,153,0,1185,Brandel Chamblee,293,170,123
1999,153,0,7749,Brett Quigley,293,124,169
1999,155,0,6655,Geoffrey Sisk,295,109,186
1999,156,0,1457,Jay Haas,297,171,126
1999,157,0,1510,Nolan Henke,298,157,141
1999,157,0,20127,Chris Riley,298,115,183
1999,159,0,2267,D.A. Weibring,303,145,158
1999,160,0,21959,Ted Purdy,308,124,184
1999,161,0,19846,Brian Gay,310,155,155
1999,162,0,1096,Phil Blackmar,312,147,165
1999,162,0,1331,Rick Fehr,312,174,138
1999,164,0,1920,Craig Parry,314,129,185
1999,164,0,2007,Larry Rinker,314,147,167
1999,166,0,1323,Brad Fabel,315,175,140
1999,166,0,7101,Dave Stockton Jr.,315,162,153
1999,168,0,1705,Tim Loustalot,316,138,178
1999,169,0,6014,Eric Booker,318,164,154
1999,169,0,10569,Mike Brisky,318,147,171
1999,169,0,6012,Greg Kraft,318,154,164
1999,172,0,2321,Fuzzy Zoeller,319,173,146
1999,173,0,1266,Clark Dennis,320,147,173
1999,174,0,22292,David Seawell,328,140,188
1999,175,0,1376,Bob Friend,329,168,161
1999,175,0,1748,Doug Martin,329,177,152
1999,175,0,6613,Tommy Tolles,329,158,171
1999,178,0,7753,Kevin Wentworth,330,188,142
1999,179,0,1378,David Frost,333,182,151
1999,180,0,1891,David Ogrin,343,184,159
1999,181,0,6064,Jeff Gallagher,347,184,163
1999,182,0,10107,Deane Pappas,348,166,182
1999,183,0,1549,Mike Hulbert,352,190,162
1999,184,0,2099,Scott Simpson,355,176,179
1999,184,0,2131,Mike Springer,355,187,168
1999,186,0,12663,Phil Tataurangi,359,169,190
1999,187,0,1329,Brad Faxon,363,189,174
1999,188,0,1072,Chip Beck,369,192,177
1999,189,0,1604,Steve Jurgensen,372,181,191
1999,190,0,20124,Alan Bratton,373,186,187
1999,191,0,2242,Lanny Wadkins,374,182,192
1999,192,0,2294,Willie Wood,380,191,189
1998,1,0,2170,Hal Sutton,2,1,1
1998,2,0,9011,David Duval,7,2,5
1998,3,0,1361,Dan Forsman,12,9,3
1998,4,0,10962,Bradley Hughes,13,4,9
1998,4,0,2246,Duffy Waldorf,13,3,10
1998,6,0,1771,Blaine McCallister,19,8,11
1998,7,0,1599,Steve Jones,20,14,6
1998,8,0,1553,John Huston,21,6,15
1998,9,0,1677,Tom Lehman,24,22,2
1998,10,0,1161,Mark Calcavecchia,25,18,7
1998,11,0,1706,Davis Love III,38,11,27
1998,12,0,6621,Joe Durant,46,12,34
1998,12,0,2214,Kirk Triplett,46,38,8
1998,12,0,8793,Tiger Woods,46,16,30
1998,15,0,2245,Grant Waite,53,25,28
1998,16,0,10809,Jim Furyk,55,24,31
1998,17,0,1185,Brandel Chamblee,56,10,46
1998,17,0,6575,Dudley Hart,56,7,49
1998,19,0,1823,Larry Mize,58,46,12
1998,20,0,8375,Paul Stankowski,59,45,14
1998,21,0,1577,Lee Janzen,60,37,23
1998,22,0,6567,Vijay Singh,61,43,18
1998,23,0,7569,Mark Carnevale,63,26,37
1998,23,0,1797,Rocco Mediate,63,50,13
1998,25,0,1527,Scott Hoch,66,34,32
1998,26,0,7457,Steve Flesch,69,65,4
1998,27,0,1203,Russ Cochran,71,36,35
1998,27,0,2239,Scott Verplank,71,42,29
1998,29,0,1619,Skip Kendall,75,38,37
1998,29,0,1723,Andrew Magee,75,51,24
1998,31,0,1381,Fred Funk,77,26,51
1998,32,0,1042,Paul Azinger,78,56,22
1998,33,0,1035,Tommy Armour III,81,23,58
1998,33,0,1266,Clark Dennis,81,48,33
1998,33,0,1766,Billy Mayfair,81,21,60
1998,36,0,7749,Brett Quigley,84,65,19
1998,37,0,2223,Bob Tway,86,61,25
1998,38,0,1945,Kenny Perry,89,33,56
1998,39,0,6044,Scott Gump,93,53,40
1998,40,0,21584,Richie Coughlan,94,12,82
1998,40,0,1968,Nick Price,94,5,89
1998,42,0,1063,Ben Bates,95,15,80
1998,43,0,6643,Paul Goydos,101,46,55
1998,44,0,8931,Glen Day,105,31,74
1998,45,0,20229,Stewart Cink,108,61,47
1998,46,0,1705,Tim Loustalot,109,61,48
1998,47,0,1533,P.H. Horgan III,110,26,84
1998,48,0,1320,Bob Estes,111,54,57
1998,49,0,10860,Justin Leonard,115,48,67
1998,50,0,1707,Steve Lowery,116,72,44
1998,51,0,2101,Joey Sindelar,117,100,17
1998,52,0,1157,Tom Byrum,119,57,62
1998,52,0,1724,Jeff Maggert,119,41,78
1998,54,0,1468,Gary Hallberg,120,100,20
1998,55,0,1334,Keith Fergus,122,79,43
1998,55,0,12645,Brent Geiberger,122,19,103
1998,57,0,6078,Esteban Toledo,123,97,26
1998,58,0,1226,Fred Couples,124,85,39
1998,59,0,1943,Chris Perry,125,72,53
1998,60,0,2002,John Riegger,126,29,97
1998,61,0,1388,Robert Gamez,128,69,59
1998,62,0,1941,Tom Pernice Jr.,132,57,75
1998,62,0,2133,Craig Stadler,132,31,101
1998,64,0,1408,Kelly Gibson,133,16,117
1998,65,0,6004,Stephen Ames,136,51,85
1998,66,0,1219,John Cook,139,123,16
1998,67,0,12782,Tim Herron,142,65,77
1998,67,0,1569,Peter Jacobsen,142,88,54
1998,69,0,19881,Robert Damron,147,20,127
1998,69,0,21805,Harrison Frazar,147,34,113
1998,71,0,11032,Frank Lickliter II,148,78,70
1998,72,0,1098,Jay Don Blake,149,128,21
1998,72,0,1810,Phil Mickelson,149,30,119
1998,74,0,2106,Chris Smith,150,100,50
1998,75,0,1376,Bob Friend,151,68,83
1998,76,0,1510,Nolan Henke,152,107,45
1998,77,0,19824,Craig Barlow,155,114,41
1998,77,0,1685,J.L. Lewis,155,76,79
1998,79,0,6251,Chris DiMarco,158,97,61
1998,80,0,6522,Ernie Els,159,55,104
1998,81,0,20099,Doug Barron,163,72,91
1998,82,0,2104,Jeff Sluman,164,128,36
1998,83,0,8553,Lee Porter,167,94,73
1998,84,0,1191,Barry Cheesman,169,83,86
1998,85,0,10585,Scott McCarron,172,57,115
1998,86,0,1306,David Edwards,174,93,81
1998,87,0,2023,Clarence Rose,176,83,93
1998,87,0,2241,Bobby Wadkins,176,88,88
1998,89,0,2008,Lee Rinker,177,109,68
1998,90,0,2206,David Toms,178,114,64
1998,91,0,12660,Jesper Parnevik,179,110,69
1998,92,0,1457,Jay Haas,180,85,95
1998,93,0,10733,Kent Jones,182,60,122
1998,94,0,1175,Jim Carter,183,120,63
1998,94,0,20094,Jonathan Kaye,183,69,114
1998,96,0,1353,Bruce Fleisher,184,85,99
1998,97,0,19883,Joe Daley,186,81,105
1998,98,0,8993,Franklin Langham,188,61,127
1998,99,0,6090,Jim McGovern,190,88,102
1998,100,0,1261,Jay Delsing,193,44,149
1998,100,0,1326,Nick Faldo,193,69,124
1998,102,0,1475,Donnie Hammond,194,142,52
1998,103,0,8545,Glen Hnatiuk,195,124,71
1998,104,0,1926,Steve Pate,196,132,64
1998,105,0,8075,Jerry Kelly,202,72,130
1998,106,0,1282,Trevor Dodds,205,130,75
1998,107,0,2010,Loren Roberts,206,114,92
1998,108,0,1414,Bob Gilder,207,38,169
1998,108,0,7101,Dave Stockton Jr.,207,141,66
1998,110,0,6012,Greg Kraft,208,88,120
1998,111,0,1060,Dave Barr,209,168,41
1998,112,0,1139,Olin Browne,210,100,110
1998,112,0,6527,Steve Stricker,210,114,96
1998,114,0,2279,Mark Wiebe,217,97,120
1998,115,0,1014,Fulton Allem,220,88,132
1998,116,0,1920,Craig Parry,224,80,144
1998,116,0,2146,Payne Stewart,224,134,90
1998,118,0,20098,Stuart Appleby,234,81,153
1998,119,0,1717,Sandy Lyle,235,105,130
1998,120,0,1633,Tom Kite,236,142,94
1998,120,0,2218,Ted Tryba,236,104,132
1998,122,0,1996,Mike Reid,237,139,98
1998,122,0,6595,Kevin Sutherland,237,165,72
1998,122,0,8385,Omar Uresti,237,111,126
1998,125,0,6617,Brian Henninger,238,127,111
1998,125,0,1905,Joe Ozaki,238,138,100
1998,127,0,2321,Fuzzy Zoeller,245,111,134
1998,128,0,2135,Mike Standly,246,76,170
1998,129,0,1385,Jim Gallagher Jr.,252,113,139
1998,130,0,10207,Jimmy Johnston,253,105,148
1998,131,0,8537,J.P. Hayes,255,130,125
1998,131,0,6581,David Sutherland,255,168,87
1998,131,0,2267,D.A. Weibring,255,94,161
1998,134,0,2159,Curtis Strange,258,152,106
1998,135,0,1068,Andy Bean,259,142,117
1998,135,0,1249,John Daly,259,96,163
1998,135,0,6332,Neal Lancaster,259,147,112
1998,138,0,1748,Doug Martin,263,147,116
1998,138,0,12755,Vance Veazey,263,108,155
1998,140,0,1116,Michael Bradley,265,156,109
1998,141,0,6315,Pete Jordan,266,125,141
1998,142,0,1960,Don Pooley,274,152,122
1998,143,0,1323,Brad Fabel,276,170,106
1998,144,0,10195,Tim Conley,277,118,159
1998,145,0,7235,John Morse,281,134,147
1998,145,0,1891,David Ogrin,281,139,142
1998,147,0,1549,Mike Hulbert,282,176,106
1998,148,0,7707,Mike Small,285,149,136
1998,149,0,1887,Mark O'Meara,290,161,129
1998,149,0,6791,Mark Wurtz,290,132,158
1998,151,0,8339,Spike McRoy,292,142,150
1998,152,0,1006,John Adams,295,122,173
1998,153,0,1604,Steve Jurgensen,298,118,180
1998,154,0,6132,Sonny Skinner,303,152,151
1998,155,0,7087,Hugh Royer III,305,150,155
1998,155,0,2131,Mike Springer,305,160,145
1998,157,0,21007,Gabriel Hjertstedt,306,120,186
1998,158,0,6214,Guy Boros,309,134,175
1998,159,0,10457,Frank Nobilo,310,125,185
1998,160,0,1302,R.W. Eaks,311,134,177
1998,161,0,1093,Ronnie Black,312,159,153
1998,161,0,6064,Jeff Gallagher,312,175,137
1998,161,0,10423,Mike Weir,312,152,160
1998,164,0,2294,Willie Wood,313,167,146
1998,165,0,1024,Billy Andrade,314,172,142
1998,166,0,2007,Larry Rinker,315,177,138
1998,166,0,6613,Tommy Tolles,315,163,152
1998,168,0,1133,Billy Ray Brown,316,181,135
1998,169,0,1761,Len Mattiace,319,180,139
1998,170,0,7753,Kevin Wentworth,326,161,165
1998,171,0,1096,Phil Blackmar,328,146,182
1998,172,0,1331,Rick Fehr,330,151,179
1998,172,0,1607,Brian Kamm,330,173,157
1998,174,0,12663,Phil Tataurangi,331,170,161
1998,175,0,10569,Mike Brisky,332,158,174
1998,175,0,1132,Mark Brooks,332,164,168
1998,177,0,21593,Keith Nolan,338,174,164
1998,177,0,10213,Dicky Pride,338,166,172
1998,179,0,6270,Bobby Gage,343,156,187
1998,180,0,1928,Corey Pavin,345,179,166
1998,181,0,1201,Lennie Clements,349,182,167
1998,182,0,6056,Jim Estes,355,184,171
1998,183,0,21631,Iain Steel,361,183,178
1998,184,0,1329,Brad Faxon,362,178,184
1998,185,0,2099,Scott Simpson,363,187,176
1998,186,0,20154,Guy Hill,366,185,181
1998,187,0,1378,David Frost,369,186,183
1998,188,0,1072,Chip Beck,376,188,188
1997,1,0,2170,Hal Sutton,5,2,3
1997,2,0,1677,Tom Lehman,8,7,1
1997,3,0,1418,Bill Glasson,11,6,5
1997,4,0,8793,Tiger Woods,14,10,4
1997,5,0,6621,Joe Durant,18,1,17
1997,5,0,1797,Rocco Mediate,18,8,10
1997,7,0,1161,Mark Calcavecchia,19,11,8
1997,8,0,2245,Grant Waite,26,3,23
1997,9,0,1876,Greg Norman,28,17,11
1997,10,0,1706,Davis Love III,30,21,9
1997,10,0,1968,Nick Price,30,9,21
1997,12,0,9011,David Duval,35,11,24
1997,13,0,2246,Duffy Waldorf,41,14,27
1997,14,0,1619,Skip Kendall,43,28,15
1997,14,0,1945,Kenny Perry,43,4,39
1997,14,0,2223,Bob Tway,43,37,6
1997,17,0,12645,Brent Geiberger,45,16,29
1997,18,0,1226,Fred Couples,47,29,18
1997,19,0,1457,Jay Haas,52,23,29
1997,20,0,2133,Craig Stadler,54,32,22
1997,20,0,2321,Fuzzy Zoeller,54,48,6
1997,22,0,1157,Tom Byrum,55,5,50
1997,23,0,1334,Keith Fergus,57,22,35
1997,24,0,1388,Robert Gamez,60,36,24
1997,25,0,1810,Phil Mickelson,65,24,41
1997,26,0,1313,Steve Elkington,66,50,16
1997,26,0,1724,Jeff Maggert,66,34,32
1997,28,0,1633,Tom Kite,68,19,49
1997,28,0,2023,Clarence Rose,68,42,26
1997,30,0,1569,Peter Jacobsen,69,57,12
1997,31,0,1975,Tom Purtzer,71,51,20
1997,32,0,2214,Kirk Triplett,79,51,28
1997,33,0,10962,Bradley Hughes,80,13,67
1997,34,0,10457,Frank Nobilo,81,26,55
1997,35,0,2256,Tom Watson,82,48,34
1997,36,0,1723,Andrew Magee,84,39,45
1997,37,0,1527,Scott Hoch,88,75,13
1997,38,0,1219,John Cook,89,87,2
1997,39,0,1766,Billy Mayfair,91,20,71
1997,40,0,1035,Tommy Armour III,92,32,60
1997,40,0,10809,Jim Furyk,92,39,53
1997,42,0,1707,Steve Lowery,93,54,39
1997,43,0,6044,Scott Gump,96,60,36
1997,44,0,1577,Lee Janzen,97,31,66
1997,45,0,1143,Brad Bryant,104,85,19
1997,45,0,1175,Jim Carter,104,44,60
1997,47,0,1203,Russ Cochran,106,92,14
1997,47,0,12782,Tim Herron,106,44,62
1997,49,0,1408,Kelly Gibson,109,63,46
1997,50,0,2159,Curtis Strange,110,66,44
1997,51,0,7003,David Berganio Jr.,112,39,73
1997,51,0,6643,Paul Goydos,112,15,97
1997,51,0,1599,Steve Jones,112,44,68
1997,54,0,2101,Joey Sindelar,114,63,51
1997,55,0,19881,Robert Damron,117,27,90
1997,56,0,1771,Blaine McCallister,118,80,38
1997,57,0,1042,Paul Azinger,120,34,86
1997,58,0,6617,Brian Henninger,123,51,72
1997,59,0,8375,Paul Stankowski,125,37,88
1997,60,0,2104,Jeff Sluman,128,69,59
1997,61,0,1381,Fred Funk,129,60,69
1997,62,0,1361,Dan Forsman,130,78,52
1997,63,0,1326,Nick Faldo,135,43,92
1997,64,0,1920,Craig Parry,137,83,54
1997,65,0,6567,Vijay Singh,139,62,77
1997,66,0,1331,Rick Fehr,142,111,31
1997,66,0,11032,Frank Lickliter II,142,25,117
1997,68,0,1823,Larry Mize,145,80,65
1997,69,0,20098,Stuart Appleby,146,18,128
1997,69,0,1553,John Huston,146,83,63
1997,71,0,1748,Doug Martin,150,103,47
1997,71,0,10585,Scott McCarron,150,55,95
1997,73,0,20229,Stewart Cink,153,57,96
1997,74,0,2049,Gene Sauers,159,127,32
1997,74,0,2146,Payne Stewart,159,75,84
1997,76,0,1320,Bob Estes,161,106,55
1997,77,0,1098,Jay Don Blake,162,85,77
1997,78,0,6613,Tommy Tolles,164,94,70
1997,79,0,1014,Fulton Allem,165,90,75
1997,80,0,2218,Ted Tryba,167,70,97
1997,81,0,1996,Mike Reid,168,126,42
1997,82,0,12660,Jesper Parnevik,170,122,48
1997,83,0,1139,Olin Browne,171,47,124
1997,84,0,6124,Patrick Burke,172,70,102
1997,84,0,1487,Jeff Hart,172,96,76
1997,86,0,2279,Mark Wiebe,173,68,105
1997,87,0,1006,John Adams,174,92,82
1997,87,0,6522,Ernie Els,174,75,99
1997,89,0,20099,Doug Barron,176,102,74
1997,89,0,1682,Wayne Levi,176,133,43
1997,91,0,1133,Billy Ray Brown,179,29,150
1997,92,0,6315,Pete Jordan,182,72,110
1997,93,0,1943,Chris Perry,183,146,37
1997,94,0,6575,Dudley Hart,189,79,110
1997,95,0,6595,Kevin Sutherland,190,135,55
1997,96,0,1475,Donnie Hammond,191,55,136
1997,97,0,7267,Allen Doyle,192,89,103
1997,98,0,1353,Bruce Fleisher,194,100,94
1997,99,0,1323,Brad Fabel,196,113,83
1997,100,0,1249,John Daly,197,96,101
1997,100,0,2010,Loren Roberts,197,106,91
1997,102,0,1960,Don Pooley,198,113,85
1997,103,0,7363,Craig Bowden,202,63,139
1997,103,0,1533,P.H. Horgan III,202,80,122
1997,105,0,7101,Dave Stockton Jr.,203,96,107
1997,106,0,2135,Mike Standly,210,106,104
1997,107,0,1374,Robin Freeman,214,106,108
1997,108,0,1024,Billy Andrade,216,161,55
1997,109,0,10207,Jimmy Johnston,218,95,123
1997,110,0,1185,Brandel Chamblee,220,131,89
1997,111,0,10837,Kevin Burton,221,72,149
1997,112,0,1761,Len Mattiace,222,143,79
1997,113,0,6090,Jim McGovern,228,59,169
1997,114,0,7465,Hideki Kase,229,87,142
1997,115,0,1306,David Edwards,235,100,135
1997,116,0,1510,Nolan Henke,236,120,116
1997,117,0,7749,Brett Quigley,240,131,109
1997,118,0,2242,Lanny Wadkins,241,96,145
1997,119,0,8553,Lee Porter,242,74,168
1997,119,0,2226,Tray Tyner,242,122,120
1997,121,0,12387,Michael Christie,243,90,153
1997,122,0,12826,Paul Claxton,244,106,138
1997,122,0,7235,John Morse,244,113,131
1997,124,0,1717,Sandy Lyle,245,158,87
1997,125,0,8931,Glen Day,247,67,180
1997,125,0,1261,Jay Delsing,247,117,130
1997,127,0,6036,Scott Dunlap,248,138,110
1997,128,0,1891,David Ogrin,252,120,132
1997,129,0,10569,Mike Brisky,253,135,118
1997,129,0,8547,John Maginnes,253,103,150
1997,131,0,2008,Lee Rinker,254,148,106
1997,132,0,1385,Jim Gallagher Jr.,255,129,126
1997,132,0,1887,Mark O'Meara,255,192,63
1997,134,0,1941,Tom Pernice Jr.,266,119,147
1997,135,0,1093,Ronnie Black,267,148,119
1997,135,0,8385,Omar Uresti,267,167,100
1997,137,0,1549,Mike Hulbert,268,188,80
1997,137,0,1926,Steve Pate,268,176,92
1997,139,0,8075,Jerry Kelly,269,142,127
1997,139,0,10860,Justin Leonard,269,135,134
1997,139,0,2099,Scott Simpson,269,188,81
1997,142,0,1116,Michael Bradley,270,133,137
1997,142,0,2166,Chip Sullivan,270,103,167
1997,144,0,7867,Woody Austin,273,160,113
1997,144,0,6581,David Sutherland,273,148,125
1997,146,0,2267,D.A. Weibring,275,111,164
1997,147,0,10505,Shane Bertsch,279,151,128
1997,148,0,6332,Neal Lancaster,282,167,115
1997,149,0,2206,David Toms,283,140,143
1997,150,0,10963,Jimmy Green,293,139,154
1997,151,0,5466,Jack O'Keefe,294,154,140
1997,151,0,6132,Sonny Skinner,294,180,114
1997,153,0,10213,Dicky Pride,298,143,155
1997,154,0,6515,Shaun Micheel,300,122,178
1997,155,0,1201,Lennie Clements,302,169,133
1997,156,0,1040,Emlyn Aubrey,303,151,152
1997,156,0,1864,Larry Nelson,303,117,186
1997,158,0,1096,Phil Blackmar,304,143,161
1997,158,0,2095,Larry Silveira,304,113,191
1997,160,0,21007,Gabriel Hjertstedt,305,122,183
1997,161,0,1905,Joe Ozaki,306,163,143
1997,162,0,6144,John Dowdall,307,147,160
1997,162,0,1307,Joel Edwards,307,186,121
1997,164,0,1444,Ken Green,308,151,157
1997,165,0,6034,Marco Dawson,312,129,183
1997,166,0,6527,Steve Stricker,315,141,174
1997,167,0,1132,Mark Brooks,318,177,141
1997,168,0,1489,Steve Hart,320,127,193
1997,169,0,8265,Eric Johnson,321,156,165
1997,170,0,1196,Brian Claar,323,165,158
1997,171,0,1288,Ed Dougherty,325,154,171
1997,172,0,8537,J.P. Hayes,326,171,155
1997,173,0,8339,Spike McRoy,331,165,166
1997,173,0,2239,Scott Verplank,331,185,146
1997,175,0,6214,Guy Boros,334,164,170
1997,176,0,6012,Greg Kraft,336,174,162
1997,177,0,12663,Phil Tataurangi,337,174,163
1997,177,0,2292,Bob Wolcott,337,178,159
1997,179,0,10875,Todd Demsey,338,156,182
1997,180,0,7087,Hugh Royer III,339,162,177
1997,181,0,1329,Brad Faxon,342,194,148
1997,182,0,1928,Corey Pavin,347,171,176
1997,183,0,1346,Ed Fiori,352,158,194
1997,183,0,2294,Willie Wood,352,179,173
1997,185,0,20158,Anthony Rodriguez,354,169,185
1997,186,0,1378,David Frost,355,183,172
1997,187,0,2007,Larry Rinker,358,183,175
1997,188,0,2115,Taylor Smith,361,173,188
1997,189,0,6577,John Wilson,369,190,179
1997,190,0,7547,Craig Kanada,372,182,190
1997,190,0,2100,Tim Simpson,372,191,181
1997,192,0,2225,Howard Twitty,373,181,192
1997,193,0,2131,Mike Springer,376,187,189
1997,194,0,1011,Rafael Alarcon,380,193,187
1997,195,0,1072,Chip Beck,390,195,195
1996,1,0,9011,David Duval,12,1,11
1996,2,0,1161,Mark Calcavecchia,14,6,8
1996,3,0,1706,Davis Love III,17,4,13
1996,3,0,2321,Fuzzy Zoeller,17,16,1
1996,5,0,1887,Mark O'Meara,19,17,2
1996,5,0,1975,Tom Purtzer,19,7,12
1996,7,0,7867,Woody Austin,25,8,17
1996,7,0,1810,Phil Mickelson,25,11,14
1996,9,0,2256,Tom Watson,29,13,16
1996,10,0,1677,Tom Lehman,30,27,3
1996,11,0,2023,Clarence Rose,32,10,22
1996,12,0,1226,Fred Couples,34,31,3
1996,12,0,1797,Rocco Mediate,34,24,10
1996,14,0,1945,Kenny Perry,36,5,31
1996,15,0,12660,Jesper Parnevik,42,37,5
1996,16,0,1334,Keith Fergus,45,9,36
1996,17,0,2245,Grant Waite,47,22,25
1996,18,0,1313,Steve Elkington,51,33,18
1996,19,0,2101,Joey Sindelar,52,28,24
1996,20,0,1968,Nick Price,53,2,51
1996,21,0,1958,Dan Pohl,58,32,26
1996,22,0,2170,Hal Sutton,61,42,19
1996,23,0,2223,Bob Tway,62,56,6
1996,24,0,2146,Payne Stewart,64,29,35
1996,25,0,6522,Ernie Els,69,17,52
1996,26,0,2214,Kirk Triplett,71,43,28
1996,27,0,1381,Fred Funk,72,34,38
1996,27,0,1766,Billy Mayfair,72,17,55
1996,29,0,1864,Larry Nelson,77,30,47
1996,30,0,1326,Nick Faldo,85,24,61
1996,31,0,1307,Joel Edwards,86,55,31
1996,31,0,1475,Donnie Hammond,86,48,38
1996,33,0,1014,Fulton Allem,90,57,33
1996,33,0,1116,Michael Bradley,90,45,45
1996,35,0,1837,Gil Morgan,92,54,38
1996,36,0,1527,Scott Hoch,95,80,15
1996,37,0,1219,John Cook,96,87,9
1996,37,0,1920,Craig Parry,96,11,85
1996,39,0,2133,Craig Stadler,99,37,62
1996,40,0,1783,Mark McCumber,103,15,88
1996,41,0,1139,Olin Browne,104,52,52
1996,42,0,1569,Peter Jacobsen,106,65,41
1996,43,0,1724,Jeff Maggert,107,24,83
1996,43,0,2159,Curtis Strange,107,50,57
1996,45,0,1143,Brad Bryant,108,101,7
1996,46,0,1771,Blaine McCallister,110,43,67
1996,47,0,1201,Lennie Clements,113,84,29
1996,48,0,1457,Jay Haas,118,95,23
1996,49,0,1042,Paul Azinger,120,57,63
1996,50,0,20098,Stuart Appleby,121,35,86
1996,51,0,1157,Tom Byrum,123,64,59
1996,52,0,6124,Patrick Burke,124,50,74
1996,53,0,6567,Vijay Singh,125,45,80
1996,54,0,1823,Larry Mize,126,78,48
1996,55,0,20259,Hisayuki Sasaki,128,14,114
1996,56,0,1388,Robert Gamez,131,22,109
1996,57,0,2104,Jeff Sluman,135,105,30
1996,58,0,10860,Justin Leonard,137,37,100
1996,59,0,8337,Mike Heinen,140,74,66
1996,59,0,1553,John Huston,140,61,79
1996,61,0,1487,Jeff Hart,141,78,63
1996,62,0,1196,Brian Claar,143,21,122
1996,63,0,1408,Kelly Gibson,144,62,82
1996,64,0,1006,John Adams,145,75,70
1996,64,0,6044,Scott Gump,145,102,43
1996,66,0,1156,Curt Byrum,148,112,36
1996,67,0,1132,Mark Brooks,149,37,112
1996,67,0,1306,David Edwards,149,69,80
1996,69,0,19883,Joe Daley,150,52,98
1996,69,0,2241,Bobby Wadkins,150,129,21
1996,71,0,1385,Jim Gallagher Jr.,151,75,76
1996,72,0,2218,Ted Tryba,152,37,115
1996,73,0,6617,Brian Henninger,155,48,107
1996,74,0,1577,Lee Janzen,156,36,120
1996,74,0,1876,Greg Norman,156,3,153
1996,74,0,2135,Mike Standly,156,59,97
1996,77,0,1748,Doug Martin,157,108,49
1996,78,0,1203,Russ Cochran,158,86,72
1996,79,0,1905,Joe Ozaki,167,77,90
1996,79,0,1971,Dillard Pruitt,167,115,52
1996,81,0,10809,Jim Furyk,169,17,152
1996,82,0,1060,Dave Barr,172,152,20
1996,82,0,6315,Pete Jordan,172,94,78
1996,84,0,7235,John Morse,173,85,88
1996,85,0,6090,Jim McGovern,175,71,104
1996,85,0,2010,Loren Roberts,175,98,77
1996,85,0,2246,Duffy Waldorf,175,62,113
1996,88,0,1093,Ronnie Black,176,107,69
1996,88,0,6643,Paul Goydos,176,66,110
1996,90,0,1707,Steve Lowery,182,89,93
1996,90,0,6613,Tommy Tolles,182,98,84
1996,92,0,1175,Jim Carter,185,114,71
1996,93,0,6527,Steve Stricker,186,68,118
1996,94,0,20095,Carl Paulson,187,66,121
1996,95,0,1331,Rick Fehr,188,89,99
1996,96,0,1435,Wayne Grady,189,133,56
1996,97,0,12782,Tim Herron,193,87,106
1996,98,0,1633,Tom Kite,194,136,58
1996,99,0,1098,Jay Don Blake,195,168,27
1996,99,0,6034,Marco Dawson,195,103,92
1996,99,0,8931,Glen Day,195,71,124
1996,102,0,1323,Brad Fabel,196,152,44
1996,103,0,1682,Wayne Levi,197,164,33
1996,103,0,2167,Mike Sullivan,197,147,50
1996,105,0,20051,Joe Acosta Jr.,199,98,101
1996,105,0,2226,Tray Tyner,199,112,87
1996,107,0,1035,Tommy Armour III,201,71,130
1996,107,0,8375,Paul Stankowski,201,69,132
1996,109,0,1361,Dan Forsman,202,139,63
1996,110,0,10425,Jay Williamson,205,45,160
1996,111,0,7267,Allen Doyle,209,80,129
1996,112,0,1943,Chris Perry,213,171,42
1996,113,0,1723,Andrew Magee,214,59,155
1996,114,0,6036,Scott Dunlap,215,169,46
1996,115,0,1891,David Ogrin,216,157,59
1996,116,0,11032,Frank Lickliter II,217,80,137
1996,117,0,8075,Jerry Kelly,221,125,96
1996,118,0,1040,Emlyn Aubrey,222,89,133
1996,118,0,1261,Jay Delsing,222,105,117
1996,120,0,6214,Guy Boros,226,121,105
1996,121,0,8547,John Maginnes,227,133,94
1996,122,0,1996,Mike Reid,228,160,68
1996,122,0,2008,Lee Rinker,228,125,103
1996,124,0,1928,Corey Pavin,230,135,95
1996,125,0,1599,Steve Jones,236,95,141
1996,126,0,10585,Scott McCarron,237,80,157
1996,127,0,2099,Scott Simpson,239,167,72
1996,128,0,10213,Dicky Pride,244,95,149
1996,129,0,1725,John Mahaffey,245,137,108
1996,129,0,12781,Scott Medlin,245,122,123
1996,129,0,2206,David Toms,245,143,102
1996,132,0,2106,Chris Smith,246,119,127
1996,132,0,6595,Kevin Sutherland,246,172,74
1996,134,0,1142,Bart Bryant,249,158,91
1996,135,0,1185,Brandel Chamblee,254,143,111
1996,135,0,10649,Tom Scherrer,254,115,139
1996,137,0,7101,Dave Stockton Jr.,256,132,124
1996,138,0,1960,Don Pooley,257,119,138
1996,139,0,6577,John Wilson,258,89,169
1996,140,0,10215,Charlie Rymer,262,122,140
1996,141,0,1249,John Daly,263,89,174
1996,142,0,1068,Andy Bean,267,122,145
1996,143,0,10569,Mike Brisky,272,109,163
1996,144,0,1604,Steve Jurgensen,274,115,159
1996,145,0,1761,Len Mattiace,275,149,126
1996,146,0,6012,Greg Kraft,278,129,149
1996,147,0,7087,Hugh Royer III,280,138,142
1996,148,0,1072,Chip Beck,282,146,136
1996,148,0,6599,John Elliott,282,109,173
1996,148,0,2267,D.A. Weibring,282,103,179
1996,151,0,1510,Nolan Henke,286,141,145
1996,152,0,1133,Billy Ray Brown,291,164,127
1996,152,0,1414,Bob Gilder,291,125,166
1996,154,0,6332,Neal Lancaster,295,141,154
1996,155,0,1549,Mike Hulbert,296,177,119
1996,156,0,1346,Ed Fiori,297,109,188
1996,157,0,1024,Billy Andrade,300,185,115
1996,157,0,20505,Lucas Parsons,300,115,185
1996,159,0,1378,David Frost,301,140,161
1996,160,0,1938,David Peoples,306,125,181
1996,161,0,2186,Brian Tennyson,307,156,151
1996,162,0,1096,Phil Blackmar,308,143,165
1996,162,0,8385,Omar Uresti,308,152,156
1996,162,0,2303,Robert Wrenn,308,173,135
1996,165,0,2131,Mike Springer,309,178,131
1996,166,0,1374,Robin Freeman,310,166,144
1996,167,0,2115,Taylor Smith,313,152,161
1996,168,0,1444,Ken Green,317,174,143
1996,169,0,2201,Jim Thorpe,318,160,158
1996,170,0,19913,Ron Whittaker,320,131,189
1996,171,0,1329,Brad Faxon,322,188,134
1996,172,0,12626,Joey Gullion,323,151,172
1996,172,0,2279,Mark Wiebe,323,175,148
1996,174,0,10203,Bryan Gorman,326,148,178
1996,175,0,6140,Sean Murphy,330,163,167
1996,176,0,1603,Jeff Julian,334,150,184
1996,176,0,2171,Mike Swartz,334,159,175
1996,178,0,6064,Jeff Gallagher,336,189,147
1996,179,0,1200,Keith Clearwater,339,169,170
1996,180,0,1557,John Inman,342,162,180
1996,181,0,2049,Gene Sauers,345,181,164
1996,182,0,8993,Franklin Langham,349,178,171
1996,183,0,1235,Ben Crenshaw,350,183,167
1996,184,0,1701,Bob Lohr,359,182,177
1996,185,0,1607,Brian Kamm,360,184,176
1996,186,0,6657,Steve Rintoul,363,176,187
1996,186,0,6066,Gary Rusnak,363,180,183
1996,188,0,1320,Bob Estes,371,185,186
1996,189,0,10505,Shane Bertsch,372,190,182
1996,190,0,2242,Lanny Wadkins,377,187,190
1995,1,0,2245,Grant Waite,9,5,4
1995,2,0,2133,Craig Stadler,13,10,3
1995,3,0,1569,Peter Jacobsen,15,3,12
1995,3,0,2170,Hal Sutton,15,2,13
1995,5,0,2256,Tom Watson,28,8,20
1995,6,0,2214,Kirk Triplett,34,18,16
1995,7,0,6044,Scott Gump,35,29,6
1995,8,0,1677,Tom Lehman,36,27,9
1995,8,0,2321,Fuzzy Zoeller,36,14,22
1995,10,0,1313,Steve Elkington,42,15,27
1995,11,0,2008,Lee Rinker,48,16,32
1995,11,0,2246,Duffy Waldorf,48,21,27
1995,13,0,1633,Tom Kite,52,35,17
1995,13,0,1725,John Mahaffey,52,37,15
1995,15,0,1690,Bruce Lietzke,53,6,47
1995,16,0,12660,Jesper Parnevik,56,27,29
1995,17,0,1837,Gil Morgan,62,43,19
1995,18,0,1975,Tom Purtzer,67,57,10
1995,19,0,1040,Emlyn Aubrey,69,55,14
1995,19,0,9011,David Duval,69,9,60
1995,19,0,1599,Steve Jones,69,51,18
1995,22,0,1201,Lennie Clements,70,69,1
1995,22,0,1418,Bill Glasson,70,7,63
1995,22,0,1823,Larry Mize,70,47,23
1995,22,0,6527,Steve Stricker,70,19,51
1995,26,0,1326,Nick Faldo,71,36,35
1995,26,0,2099,Scott Simpson,71,64,7
1995,28,0,1132,Mark Brooks,72,47,25
1995,29,0,1887,Mark O'Meara,74,66,8
1995,30,0,1143,Brad Bryant,76,29,47
1995,31,0,1035,Tommy Armour III,77,12,65
1995,32,0,1226,Fred Couples,80,50,30
1995,33,0,2239,Scott Verplank,84,39,45
1995,34,0,1968,Nick Price,86,1,85
1995,35,0,1006,John Adams,87,64,23
1995,36,0,1381,Fred Funk,91,39,52
1995,37,0,1876,Greg Norman,92,4,88
1995,38,0,1706,Davis Love III,93,11,82
1995,38,0,1890,Brett Ogle,93,54,39
1995,40,0,1945,Kenny Perry,95,33,62
1995,41,0,1142,Bart Bryant,97,95,2
1995,42,0,2101,Joey Sindelar,98,87,11
1995,42,0,2267,D.A. Weibring,98,62,36
1995,44,0,1334,Keith Fergus,99,44,55
1995,45,0,1161,Mark Calcavecchia,100,33,67
1995,46,0,2223,Bob Tway,101,45,56
1995,47,0,1723,Andrew Magee,102,59,43
1995,48,0,1771,Blaine McCallister,103,21,82
1995,49,0,10860,Justin Leonard,105,31,74
1995,50,0,1098,Jay Don Blake,108,78,30
1995,51,0,1766,Billy Mayfair,111,16,95
1995,52,0,1175,Jim Carter,115,77,38
1995,52,0,2104,Jeff Sluman,115,69,46
1995,54,0,1810,Phil Mickelson,116,13,103
1995,55,0,6124,Patrick Burke,117,96,21
1995,55,0,1971,Dillard Pruitt,117,73,44
1995,57,0,1361,Dan Forsman,121,80,41
1995,57,0,1724,Jeff Maggert,121,20,101
1995,59,0,2148,Ray Stewart,122,68,54
1995,60,0,1306,David Edwards,124,75,49
1995,60,0,1457,Jay Haas,124,51,73
1995,62,0,6643,Paul Goydos,127,39,88
1995,63,0,1475,Donnie Hammond,131,37,94
1995,64,0,8337,Mike Heinen,133,74,59
1995,64,0,1938,David Peoples,133,83,50
1995,66,0,1577,Lee Janzen,136,31,105
1995,66,0,2010,Loren Roberts,136,75,61
1995,68,0,1385,Jim Gallagher Jr.,138,69,69
1995,69,0,7867,Woody Austin,139,59,80
1995,69,0,2159,Curtis Strange,139,55,84
1995,71,0,7235,John Morse,146,78,68
1995,72,0,1185,Brandel Chamblee,149,57,92
1995,73,0,1060,Dave Barr,150,145,5
1995,73,0,1707,Steve Lowery,150,87,63
1995,73,0,1783,Mark McCumber,150,26,124
1995,76,0,1203,Russ Cochran,151,117,34
1995,77,0,1156,Curt Byrum,153,100,53
1995,77,0,6567,Vijay Singh,153,47,106
1995,79,0,6522,Ernie Els,156,23,133
1995,80,0,6315,Pete Jordan,157,91,66
1995,80,0,1905,Joe Ozaki,157,99,58
1995,82,0,6090,Jim McGovern,158,89,69
1995,83,0,1920,Craig Parry,159,62,97
1995,84,0,2180,Harry Taylor,161,86,75
1995,85,0,2190,Doug Tewell,162,83,79
1995,86,0,7101,Dave Stockton Jr.,165,90,75
1995,87,0,2241,Bobby Wadkins,166,109,57
1995,88,0,1219,John Cook,168,142,26
1995,89,0,6386,Bill Porter,169,46,123
1995,90,0,1388,Robert Gamez,173,24,149
1995,91,0,1960,Don Pooley,175,138,37
1995,92,0,20094,Jonathan Kaye,180,42,138
1995,93,0,1374,Robin Freeman,187,80,107
1995,94,0,20051,Joe Acosta Jr.,188,117,71
1995,95,0,6214,Guy Boros,192,107,85
1995,96,0,1408,Kelly Gibson,194,83,111
1995,96,0,1549,Mike Hulbert,194,161,33
1995,96,0,2094,Tony Sills,194,155,39
1995,99,0,1196,Brian Claar,197,66,131
1995,99,0,6575,Dudley Hart,197,112,85
1995,99,0,1553,John Huston,197,51,146
1995,99,0,20095,Carl Paulson,197,24,173
1995,103,0,2135,Mike Standly,199,82,117
1995,104,0,1093,Ronnie Black,202,160,42
1995,104,0,1353,Bruce Fleisher,202,103,99
1995,106,0,6617,Brian Henninger,204,59,145
1995,107,0,1986,Joey Rassett,205,130,75
1995,108,0,1527,Scott Hoch,208,112,96
1995,108,0,10215,Charlie Rymer,208,105,103
1995,110,0,1928,Corey Pavin,212,112,100
1995,110,0,6048,Dicky Thompson,212,119,93
1995,112,0,2225,Howard Twitty,213,138,75
1995,113,0,8375,Paul Stankowski,222,109,113
1995,114,0,6034,Marco Dawson,223,152,71
1995,114,0,10585,Scott McCarron,223,104,119
1995,114,0,1891,David Ogrin,223,142,81
1995,117,0,8385,Omar Uresti,228,126,102
1995,118,0,1331,Rick Fehr,231,96,135
1995,119,0,8931,Glen Day,232,105,127
1995,120,0,10145,Tom Hearn,236,121,115
1995,121,0,1748,Doug Martin,243,153,90
1995,122,0,1797,Rocco Mediate,246,126,120
1995,123,0,7569,Mark Carnevale,247,91,156
1995,124,0,1864,Larry Nelson,248,91,157
1995,124,0,2049,Gene Sauers,248,138,110
1995,124,0,6577,John Wilson,248,150,98
1995,127,0,2226,Tray Tyner,250,107,143
1995,128,0,1014,Fulton Allem,252,69,183
1995,128,0,1701,Bob Lohr,252,126,126
1995,128,0,1996,Mike Reid,252,136,116
1995,131,0,1266,Clark Dennis,254,132,122
1995,132,0,1619,Skip Kendall,255,134,121
1995,133,0,1116,Michael Bradley,256,112,144
1995,134,0,1307,Joel Edwards,257,166,91
1995,135,0,1042,Paul Azinger,258,150,108
1995,135,0,2111,Mike Smith,258,111,147
1995,137,0,1607,Brian Kamm,259,96,163
1995,138,0,1550,Ed Humenik,262,126,136
1995,138,0,1705,Tim Loustalot,262,112,150
1995,140,0,1927,Dennis Paulson,268,100,168
1995,141,0,1329,Brad Faxon,275,122,153
1995,141,0,1682,Wayne Levi,275,133,142
1995,141,0,6613,Tommy Tolles,275,134,141
1995,141,0,8563,Bruce Vaughan,275,147,128
1995,141,0,10425,Jay Williamson,275,100,175
1995,146,0,1249,John Daly,276,91,185
1995,147,0,1072,Chip Beck,277,153,124
1995,147,0,1685,J.L. Lewis,277,147,130
1995,149,0,7721,Pat Bates,278,130,148
1995,150,0,1510,Nolan Henke,282,142,140
1995,151,0,1320,Bob Estes,286,157,129
1995,152,0,1925,Jerry Pate,287,122,165
1995,153,0,8717,Kawika Cotner,289,172,117
1995,153,0,2218,Ted Tryba,289,120,169
1995,155,0,1133,Billy Ray Brown,291,182,109
1995,156,0,1992,Don Reese,294,180,114
1995,156,0,2146,Payne Stewart,294,124,170
1995,158,0,1024,Billy Andrade,298,186,112
1995,159,0,1414,Bob Gilder,300,124,176
1995,160,0,1096,Phil Blackmar,301,147,154
1995,161,0,1444,Ken Green,302,165,137
1995,162,0,6088,Steve Gotsche,305,145,160
1995,163,0,1458,Jerry Haas,308,156,152
1995,163,0,6332,Neal Lancaster,308,136,172
1995,165,0,1926,Steve Pate,310,177,133
1995,166,0,1261,Jay Delsing,312,141,171
1995,167,0,2242,Lanny Wadkins,319,187,132
1995,168,0,1235,Ben Crenshaw,323,164,159
1995,169,0,10809,Jim Furyk,324,163,161
1995,170,0,6809,Bob Burns,325,167,158
1995,171,0,6197,Michael Allen,326,162,164
1995,171,0,1129,Bill Britton,326,188,138
1995,171,0,1943,Chris Perry,326,175,151
1995,174,0,8537,J.P. Hayes,330,168,162
1995,175,0,2167,Mike Sullivan,332,177,155
1995,176,0,10569,Mike Brisky,334,157,177
1995,177,0,6657,Steve Rintoul,337,171,166
1995,178,0,1378,David Frost,338,157,181
1995,179,0,6251,Chris DiMarco,343,176,167
1995,180,0,6012,Greg Kraft,347,173,174
1995,181,0,10213,Dicky Pride,349,169,180
1995,182,0,2279,Mark Wiebe,352,174,178
1995,183,0,1330,David Feherty,357,170,187
1995,184,0,1468,Gary Hallberg,359,177,182
1995,185,0,6791,Mark Wurtz,363,184,179
1995,186,0,6641,Jeff Leonard,367,183,184
1995,187,0,2131,Mike Springer,369,181,188
1995,188,0,1200,Keith Clearwater,371,185,186
1994,1,0,1418,Bill Glasson,3,2,1
1994,2,0,2321,Fuzzy Zoeller,6,4,2
1994,3,0,2170,Hal Sutton,11,8,3
1994,4,0,1361,Dan Forsman,12,7,5
1994,5,0,1783,Mark McCumber,17,13,4
1994,6,0,1690,Bruce Lietzke,22,9,13
1994,6,0,1837,Gil Morgan,22,6,16
1994,6,0,1968,Nick Price,22,1,21
1994,9,0,1677,Tom Lehman,27,19,8
1994,10,0,1320,Bob Estes,29,23,6
1994,11,0,1475,Donnie Hammond,31,16,15
1994,12,0,1266,Clark Dennis,32,21,11
1994,12,0,1876,Greg Norman,32,3,29
1994,14,0,1569,Peter Jacobsen,33,19,14
1994,15,0,1388,Robert Gamez,36,12,24
1994,16,0,2133,Craig Stadler,39,17,22
1994,17,0,1553,John Huston,40,15,25
1994,18,0,1633,Tom Kite,43,23,20
1994,19,0,1975,Tom Purtzer,45,22,23
1994,20,0,2256,Tom Watson,48,5,43
1994,21,0,2101,Joey Sindelar,51,41,10
1994,22,0,1219,John Cook,54,36,18
1994,23,0,1457,Jay Haas,59,25,34
1994,24,0,1060,Dave Barr,63,57,6
1994,25,0,1385,Jim Gallagher Jr.,64,34,30
1994,26,0,1724,Jeff Maggert,67,14,53
1994,27,0,6527,Steve Stricker,72,33,39
1994,28,0,2214,Kirk Triplett,73,41,32
1994,29,0,8337,Mike Heinen,75,9,66
1994,30,0,1201,Lennie Clements,81,72,9
1994,30,0,1577,Lee Janzen,81,39,42
1994,30,0,1725,John Mahaffey,81,37,44
1994,33,0,1306,David Edwards,83,56,27
1994,34,0,1559,Hale Irwin,88,53,35
1994,35,0,2099,Scott Simpson,89,41,48
1994,36,0,1771,Blaine McCallister,91,29,62
1994,37,0,1723,Andrew Magee,93,25,68
1994,38,0,2246,Duffy Waldorf,94,28,66
1994,39,0,1226,Fred Couples,98,86,12
1994,40,0,6214,Guy Boros,102,46,56
1994,41,0,1527,Scott Hoch,103,84,19
1994,41,0,6128,Steve Lamontagne,103,17,86
1994,43,0,1890,Brett Ogle,105,25,80
1994,44,0,6090,Jim McGovern,106,44,62
1994,45,0,6575,Dudley Hart,108,37,71
1994,46,0,1920,Craig Parry,109,44,65
1994,46,0,2010,Loren Roberts,109,81,28
1994,48,0,1381,Fred Funk,110,64,46
1994,49,0,1810,Phil Mickelson,112,72,40
1994,50,0,1161,Mark Calcavecchia,117,58,59
1994,50,0,7569,Mark Carnevale,117,49,68
1994,50,0,1971,Dillard Pruitt,117,72,45
1994,53,0,1098,Jay Don Blake,119,93,26
1994,53,0,2135,Mike Standly,119,31,88
1994,53,0,2159,Curtis Strange,119,59,60
1994,56,0,1156,Curt Byrum,122,84,38
1994,57,0,6809,Bob Burns,123,66,57
1994,58,0,1143,Brad Bryant,124,107,17
1994,59,0,1823,Larry Mize,125,34,91
1994,59,0,2190,Doug Tewell,125,88,37
1994,61,0,1945,Kenny Perry,128,32,96
1994,62,0,1766,Billy Mayfair,129,50,79
1994,62,0,2241,Bobby Wadkins,129,77,52
1994,64,0,1938,David Peoples,133,72,61
1994,65,0,1550,Ed Humenik,136,11,125
1994,66,0,1706,Davis Love III,137,69,68
1994,67,0,1701,Bob Lohr,138,98,40
1994,67,0,2201,Jim Thorpe,138,102,36
1994,69,0,1927,Dennis Paulson,139,90,49
1994,70,0,7101,Dave Stockton Jr.,140,68,72
1994,71,0,1313,Steve Elkington,146,59,87
1994,71,0,6657,Steve Rintoul,146,64,82
1994,73,0,1682,Wayne Levi,151,102,49
1994,73,0,2218,Ted Tryba,151,59,92
1994,73,0,2267,D.A. Weibring,151,66,85
1994,76,0,2131,Mike Springer,153,59,94
1994,77,0,1926,Steve Pate,154,107,47
1994,78,0,1891,David Ogrin,155,72,83
1994,79,0,1196,Brian Claar,160,127,33
1994,80,0,8931,Glen Day,162,69,93
1994,81,0,2095,Larry Silveira,170,51,119
1994,82,0,2225,Howard Twitty,171,40,131
1994,83,0,1549,Mike Hulbert,177,146,31
1994,84,0,1203,Russ Cochran,178,95,83
1994,85,0,6140,Sean Murphy,179,101,78
1994,86,0,1607,Brian Kamm,180,77,103
1994,86,0,6567,Vijay Singh,180,51,129
1994,88,0,6020,Steve Brodie,182,92,90
1994,88,0,1288,Ed Dougherty,182,129,53
1994,88,0,7235,John Morse,182,110,72
1994,91,0,1014,Fulton Allem,183,29,154
1994,92,0,2245,Grant Waite,185,47,138
1994,93,0,1139,Olin Browne,189,117,72
1994,93,0,2167,Mike Sullivan,189,125,64
1994,95,0,1905,Joe Ozaki,191,136,55
1994,96,0,1006,John Adams,193,88,105
1994,96,0,1408,Kelly Gibson,193,80,113
1994,98,0,1996,Mike Reid,194,122,72
1994,99,0,1261,Jay Delsing,195,114,81
1994,99,0,6643,Paul Goydos,195,53,142
1994,101,0,1072,Chip Beck,196,55,141
1994,102,0,8375,Paul Stankowski,197,125,72
1994,103,0,1330,David Feherty,201,104,97
1994,103,0,1378,David Frost,201,69,132
1994,103,0,1986,Joey Rassett,201,150,51
1994,106,0,2100,Tim Simpson,202,144,58
1994,107,0,2033,Dave Rummells,203,95,108
1994,108,0,1329,Brad Faxon,204,86,118
1994,109,0,1928,Corey Pavin,206,81,125
1994,110,0,1707,Steve Lowery,207,107,100
1994,110,0,1864,Larry Nelson,207,90,117
1994,112,0,6251,Chris DiMarco,208,131,77
1994,112,0,6016,Brad Lardon,208,47,161
1994,114,0,1414,Bob Gilder,211,112,99
1994,114,0,12660,Jesper Parnevik,211,106,105
1994,116,0,1331,Rick Fehr,214,112,102
1994,117,0,1116,Michael Bradley,217,117,100
1994,117,0,1353,Bruce Fleisher,217,93,124
1994,119,0,2146,Payne Stewart,218,98,120
1994,120,0,1392,Tom Garner,221,98,123
1994,121,0,6617,Brian Henninger,222,63,159
1994,121,0,6078,Esteban Toledo,222,124,98
1994,123,0,6577,John Wilson,225,136,89
1994,124,0,1093,Ronnie Black,229,114,115
1994,125,0,6332,Neal Lancaster,230,81,149
1994,126,0,6609,Rob Boldt,232,77,155
1994,127,0,10809,Jim Furyk,235,130,105
1994,128,0,2223,Bob Tway,243,134,109
1994,129,0,1374,Robin Freeman,244,110,134
1994,130,0,6034,Marco Dawson,247,133,114
1994,131,0,1824,Yoshinori Mizumaki,248,138,110
1994,132,0,1444,Ken Green,250,139,111
1994,133,0,1648,Billy Kratzert,252,157,95
1994,134,0,6088,Steve Gotsche,253,131,122
1994,134,0,6315,Pete Jordan,253,117,136
1994,136,0,1510,Nolan Henke,255,104,151
1994,137,0,1200,Keith Clearwater,258,154,104
1994,138,0,1887,Mark O'Meara,262,135,127
1994,139,0,12661,Todd Barranger,263,95,168
1994,140,0,2049,Gene Sauers,266,154,112
1994,141,0,10213,Dicky Pride,269,117,152
1994,142,0,1435,Wayne Grady,275,127,148
1994,143,0,2206,David Toms,277,142,135
1994,144,0,1557,John Inman,278,121,157
1994,145,0,6062,Charles Raulerson,280,116,164
1994,146,0,1629,Eddie Kirby,283,146,137
1994,147,0,1132,Mark Brooks,284,144,140
1994,148,0,1185,Brandel Chamblee,285,152,133
1994,149,0,2239,Scott Verplank,287,167,120
1994,150,0,1307,Joel Edwards,292,164,128
1994,151,0,2294,Willie Wood,293,177,116
1994,152,0,1468,Gary Hallberg,295,122,173
1994,153,0,6197,Michael Allen,297,139,158
1994,154,0,6350,Bob May,304,175,129
1994,155,0,6591,Rocky Walcher,308,158,150
1994,156,0,1024,Billy Andrade,309,165,144
1994,156,0,2104,Jeff Sluman,309,170,139
1994,158,0,2322,Richard Zokol,310,163,147
1994,159,0,1495,Morris Hatalsky,311,148,163
1994,160,0,2067,Ted Schulz,314,143,171
1994,161,0,1282,Trevor Dodds,315,173,142
1994,161,0,2090,Tom Sieckmann,315,150,165
1994,163,0,1755,Dick Mast,316,156,160
1994,164,0,1096,Phil Blackmar,317,139,178
1994,164,0,1748,Doug Martin,317,161,156
1994,166,0,7781,Ty Armstrong,318,172,146
1994,167,0,1235,Ben Crenshaw,319,166,153
1994,168,0,6058,John Flannery,320,175,145
1994,169,0,6012,Greg Kraft,324,158,166
1994,170,0,2230,Stan Utley,325,148,177
1994,171,0,6791,Mark Wurtz,327,152,175
1994,172,0,12663,Phil Tataurangi,332,162,170
1994,173,0,6589,Jeff Woodland,333,171,162
1994,174,0,2303,Robert Wrenn,334,158,176
1994,175,0,2242,Lanny Wadkins,340,168,172
1994,176,0,2007,Larry Rinker,341,174,167
1994,177,0,2224,Greg Twiggs,342,168,174
1994,178,0,1129,Bill Britton,346,178,168
1994,179,0,1133,Billy Ray Brown,358,179,179
1993,1,0,2321,Fuzzy Zoeller,5,4,1
1993,2,0,1968,Nick Price,8,2,6
1993,3,0,1418,Bill Glasson,9,7,2
1993,4,0,1837,Gil Morgan,11,3,8
1993,5,0,1876,Greg Norman,17,1,16
1993,6,0,1771,Blaine McCallister,19,5,14
1993,7,0,1958,Dan Pohl,20,17,3
1993,8,0,1042,Paul Azinger,21,9,12
1993,9,0,1690,Bruce Lietzke,28,11,17
1993,10,0,1724,Jeff Maggert,31,6,25
1993,10,0,2146,Payne Stewart,31,13,18
1993,12,0,1783,Mark McCumber,34,14,20
1993,13,0,1938,David Peoples,38,25,13
1993,14,0,1633,Tom Kite,41,19,22
1993,15,0,1971,Dillard Pruitt,44,35,9
1993,16,0,1569,Peter Jacobsen,48,12,36
1993,16,0,1797,Rocco Mediate,48,16,32
1993,18,0,1313,Steve Elkington,50,26,24
1993,19,0,1475,Donnie Hammond,52,18,34
1993,19,0,2133,Craig Stadler,52,23,29
1993,21,0,1945,Kenny Perry,56,14,42
1993,22,0,1677,Tom Lehman,58,28,30
1993,23,0,1219,John Cook,60,55,5
1993,24,0,1331,Rick Fehr,61,28,33
1993,25,0,1527,Scott Hoch,65,58,7
1993,26,0,1320,Bob Estes,67,23,44
1993,27,0,1306,David Edwards,69,65,4
1993,27,0,1723,Andrew Magee,69,28,41
1993,29,0,1014,Fulton Allem,71,22,49
1993,29,0,1060,Dave Barr,71,60,11
1993,31,0,1682,Wayne Levi,72,19,53
1993,32,0,1823,Larry Mize,76,21,55
1993,33,0,1550,Ed Humenik,79,33,46
1993,34,0,1559,Hale Irwin,80,43,37
1993,35,0,1766,Billy Mayfair,82,67,15
1993,36,0,1203,Russ Cochran,84,44,40
1993,37,0,1928,Corey Pavin,85,75,10
1993,38,0,1457,Jay Haas,90,71,19
1993,38,0,2100,Tim Simpson,90,69,21
1993,40,0,6044,Scott Gump,91,26,65
1993,41,0,2101,Joey Sindelar,92,39,53
1993,42,0,6090,Jim McGovern,94,10,84
1993,43,0,1887,Mark O'Meara,98,47,51
1993,44,0,1706,Davis Love III,101,53,48
1993,45,0,1201,Lennie Clements,106,79,27
1993,46,0,2190,Doug Tewell,107,39,68
1993,47,0,1381,Fred Funk,109,70,39
1993,48,0,2033,Dave Rummells,110,50,60
1993,49,0,1361,Dan Forsman,112,67,45
1993,49,0,2010,Loren Roberts,112,86,26
1993,49,0,2256,Tom Watson,112,8,104
1993,52,0,2159,Curtis Strange,113,55,58
1993,53,0,1388,Robert Gamez,114,33,81
1993,53,0,1553,John Huston,114,79,35
1993,55,0,1132,Mark Brooks,115,53,62
1993,56,0,1707,Steve Lowery,122,66,56
1993,57,0,1648,Billy Kratzert,125,102,23
1993,57,0,2246,Duffy Waldorf,125,47,78
1993,59,0,2267,D.A. Weibring,126,58,68
1993,60,0,1226,Fred Couples,132,94,38
1993,61,0,1385,Jim Gallagher Jr.,135,88,47
1993,61,0,1975,Tom Purtzer,135,51,84
1993,63,0,1196,Brian Claar,136,75,61
1993,63,0,1810,Phil Mickelson,136,60,76
1993,65,0,1890,Brett Ogle,138,64,74
1993,66,0,1510,Nolan Henke,139,39,100
1993,67,0,6086,Russell Beiersdorf,140,57,83
1993,67,0,1200,Keith Clearwater,140,88,52
1993,67,0,2245,Grant Waite,140,45,95
1993,70,0,7569,Mark Carnevale,143,35,108
1993,70,0,1725,John Mahaffey,143,100,43
1993,70,0,2225,Howard Twitty,143,32,111
1993,73,0,1408,Kelly Gibson,144,31,113
1993,73,0,1891,David Ogrin,144,113,31
1993,75,0,1378,David Frost,146,79,67
1993,75,0,2214,Kirk Triplett,146,96,50
1993,77,0,1619,Skip Kendall,149,39,110
1993,77,0,6136,Mike Schuchart,149,60,89
1993,77,0,2180,Harry Taylor,149,121,28
1993,80,0,1577,Lee Janzen,153,79,74
1993,81,0,1006,John Adams,156,77,79
1993,81,0,1143,Brad Bryant,156,85,71
1993,83,0,6617,Brian Henninger,158,37,121
1993,83,0,2279,Mark Wiebe,158,51,107
1993,85,0,1607,Brian Kamm,161,88,73
1993,86,0,6575,Dudley Hart,163,93,70
1993,87,0,6643,Paul Goydos,169,45,124
1993,88,0,1414,Bob Gilder,172,73,99
1993,89,0,6124,Patrick Burke,173,47,126
1993,89,0,2224,Greg Twiggs,173,109,64
1993,91,0,2218,Ted Tryba,175,63,112
1993,92,0,1185,Brandel Chamblee,176,110,66
1993,92,0,1353,Bruce Fleisher,176,99,77
1993,94,0,6006,JC Anderson,177,88,89
1993,94,0,1191,Barry Cheesman,177,79,98
1993,96,0,1701,Bob Lohr,178,96,82
1993,96,0,2135,Mike Standly,178,77,101
1993,98,0,1846,Jodie Mudd,183,38,145
1993,99,0,1288,Ed Dougherty,191,111,80
1993,100,0,6332,Neal Lancaster,195,132,63
1993,101,0,1261,Jay Delsing,198,84,114
1993,101,0,6128,Steve Lamontagne,198,102,96
1993,103,0,1346,Ed Fiori,199,105,94
1993,104,0,2242,Lanny Wadkins,201,142,59
1993,105,0,1098,Jay Don Blake,203,146,57
1993,105,0,2131,Mike Springer,203,88,115
1993,107,0,1920,Craig Parry,206,72,134
1993,107,0,2049,Gene Sauers,206,74,132
1993,109,0,1035,Tommy Armour III,209,105,104
1993,109,0,1864,Larry Nelson,209,121,88
1993,111,0,1564,David Jackson,210,94,116
1993,111,0,2099,Scott Simpson,210,117,93
1993,113,0,1129,Bill Britton,217,100,117
1993,114,0,1307,Joel Edwards,221,135,86
1993,115,0,1926,Steve Pate,224,152,72
1993,116,0,1093,Ronnie Black,226,134,92
1993,117,0,1072,Chip Beck,236,117,119
1993,117,0,6034,Marco Dawson,236,139,97
1993,119,0,1161,Mark Calcavecchia,240,137,103
1993,120,0,1157,Tom Byrum,241,98,143
1993,120,0,1736,Roger Maltbie,241,154,87
1993,122,0,1096,Phil Blackmar,243,104,139
1993,123,0,1024,Billy Andrade,245,108,137
1993,123,0,2104,Jeff Sluman,245,115,130
1993,125,0,2111,Mike Smith,246,124,122
1993,126,0,2090,Tom Sieckmann,249,126,123
1993,126,0,2201,Jim Thorpe,249,158,91
1993,128,0,1249,John Daly,250,86,164
1993,129,0,6566,Jaime Gomez,255,117,138
1993,129,0,1946,Peter Persons,255,146,109
1993,131,0,8045,Perry Moss,260,143,117
1993,132,0,1444,Ken Green,263,157,106
1993,133,0,6197,Michael Allen,266,111,155
1993,134,0,1049,Ian Baker-Finch,270,121,149
1993,134,0,10195,Tim Conley,270,137,133
1993,136,0,6599,John Elliott,275,105,170
1993,137,0,1549,Mike Hulbert,277,176,101
1993,138,0,1197,Bobby Clampett,279,159,120
1993,138,0,1715,Mark Lye,279,155,124
1993,138,0,10795,Neale Smith,279,113,166
1993,138,0,2217,Dennis Trixler,279,126,153
1993,142,0,1116,Michael Bradley,280,139,141
1993,142,0,1495,Morris Hatalsky,280,124,156
1993,142,0,2067,Ted Schulz,280,133,147
1993,145,0,1533,P.H. Horgan III,281,146,135
1993,146,0,2241,Bobby Wadkins,283,126,157
1993,147,0,5319,Gene Jones,286,146,140
1993,148,0,1557,John Inman,288,130,158
1993,149,0,2206,David Toms,292,151,141
1993,150,0,1284,Mike Donald,293,165,128
1993,150,0,1469,Dan Halldorson,293,143,150
1993,150,0,6401,Marty Schiene,293,115,178
1993,150,0,2303,Robert Wrenn,293,130,163
1993,154,0,2322,Richard Zokol,294,143,151
1993,155,0,1374,Robin Freeman,295,152,143
1993,156,0,2007,Larry Rinker,296,160,136
1993,157,0,6144,John Dowdall,298,117,181
1993,158,0,2170,Hal Sutton,303,175,128
1993,159,0,6058,John Flannery,309,178,131
1993,160,0,1323,Brad Fabel,310,183,127
1993,161,0,1934,Dave Peege,314,129,185
1993,162,0,2294,Willie Wood,317,171,146
1993,163,0,1443,Hubert Green,318,135,183
1993,163,0,1468,Gary Hallberg,318,141,177
1993,163,0,6012,Greg Kraft,318,170,148
1993,166,0,1435,Wayne Grady,323,172,151
1993,167,0,2298,Jim Woodward,325,166,159
1993,168,0,1218,Jeff Cook,327,162,165
1993,168,0,2185,Lance Ten Broeck,327,160,167
1993,170,0,8553,Lee Porter,330,150,180
1993,171,0,8759,Tad Rhyan,334,164,170
1993,172,0,1282,Trevor Dodds,335,173,162
1993,173,0,1235,Ben Crenshaw,338,166,172
1993,173,0,10207,Jimmy Johnston,338,163,175
1993,175,0,6284,Jim Hallet,339,185,154
1993,175,0,1930,Eddie Pearce,339,166,173
1993,177,0,1329,Brad Faxon,340,179,161
1993,178,0,1068,Andy Bean,341,155,186
1993,179,0,1849,Bill Murchison,344,184,160
1993,180,0,1390,Buddy Gardner,349,181,168
1993,181,0,6589,Jeff Woodland,350,174,176
1993,182,0,1755,Dick Mast,351,177,174
1993,183,0,1761,Len Mattiace,353,169,184
1993,184,0,2223,Bob Tway,356,187,169
1993,185,0,2255,Denis Watson,360,181,179
1993,186,0,6247,David Delong,367,179,188
1993,187,0,1248,Rick Dalpos,371,189,182
1993,188,0,1659,Massy Kuramoto,372,185,187
1993,189,0,6691,Greg Cesario,377,188,189
1992,1,0,1042,Paul Azinger,17,12,5
1992,1,0,1677,Tom Lehman,17,13,4
1992,1,0,1958,Dan Pohl,17,5,12
1992,4,0,1690,Bruce Lietzke,18,1,17
1992,5,0,1313,Steve Elkington,19,11,8
1992,6,0,2322,Richard Zokol,22,8,14
1992,7,0,1475,Donnie Hammond,23,8,15
1992,8,0,2190,Doug Tewell,24,14,10
1992,9,0,1968,Nick Price,31,4,27
1992,10,0,1724,Jeff Maggert,33,3,30
1992,10,0,1797,Rocco Mediate,33,20,13
1992,12,0,1226,Fred Couples,39,33,6
1992,13,0,1385,Jim Gallagher Jr.,41,7,34
1992,14,0,1766,Billy Mayfair,42,31,11
1992,15,0,1633,Tom Kite,43,20,23
1992,16,0,2246,Duffy Waldorf,49,6,43
1992,17,0,1355,Raymond Floyd,51,2,49
1992,18,0,1887,Mark O'Meara,54,37,17
1992,18,0,2100,Tim Simpson,54,53,1
1992,20,0,1200,Keith Clearwater,55,34,21
1992,21,0,1361,Dan Forsman,56,25,31
1992,21,0,2321,Fuzzy Zoeller,56,16,40
1992,23,0,2049,Gene Sauers,62,46,16
1992,24,0,1876,Greg Norman,63,43,20
1992,25,0,1307,Joel Edwards,64,55,9
1992,26,0,1783,Mark McCumber,68,34,34
1992,26,0,2146,Payne Stewart,68,27,41
1992,28,0,1938,David Peoples,70,41,29
1992,29,0,1388,Robert Gamez,75,24,51
1992,30,0,1014,Fulton Allem,76,10,66
1992,30,0,1706,Davis Love III,76,18,58
1992,32,0,2101,Joey Sindelar,77,70,7
1992,33,0,6124,Patrick Burke,78,28,50
1992,34,0,1550,Ed Humenik,79,17,62
1992,35,0,6044,Scott Gump,80,52,28
1992,36,0,1219,John Cook,81,79,2
1992,36,0,2135,Mike Standly,81,22,59
1992,38,0,2133,Craig Stadler,84,19,65
1992,39,0,1331,Rick Fehr,85,40,45
1992,40,0,1725,John Mahaffey,86,25,61
1992,40,0,1837,Gil Morgan,86,15,71
1992,42,0,1132,Mark Brooks,90,53,37
1992,43,0,1469,Dan Halldorson,91,74,17
1992,43,0,1771,Blaine McCallister,91,46,45
1992,45,0,1306,David Edwards,94,41,53
1992,46,0,1457,Jay Haas,95,59,36
1992,47,0,1196,Brian Claar,96,58,38
1992,48,0,1510,Nolan Henke,97,43,54
1992,48,0,1945,Kenny Perry,97,50,47
1992,50,0,1203,Russ Cochran,101,62,39
1992,51,0,2159,Curtis Strange,103,71,32
1992,52,0,1723,Andrew Magee,105,23,82
1992,52,0,2225,Howard Twitty,105,61,44
1992,54,0,6128,Steve Lamontagne,107,59,48
1992,55,0,1006,John Adams,109,84,25
1992,56,0,7569,Mark Carnevale,112,55,57
1992,56,0,2067,Ted Schulz,112,46,66
1992,58,0,1971,Dillard Pruitt,114,37,77
1992,59,0,1946,Peter Persons,116,62,54
1992,60,0,1823,Larry Mize,117,36,81
1992,60,0,2010,Loren Roberts,117,91,26
1992,62,0,1381,Fred Funk,118,50,68
1992,63,0,1682,Wayne Levi,119,67,52
1992,63,0,1928,Corey Pavin,119,65,54
1992,65,0,1975,Tom Purtzer,120,37,83
1992,66,0,1060,Dave Barr,122,119,3
1992,67,0,1577,Lee Janzen,131,62,69
1992,68,0,6090,Jim McGovern,137,30,107
1992,69,0,1249,John Daly,144,65,79
1992,70,0,1996,Mike Reid,147,84,63
1992,71,0,1072,Chip Beck,148,89,59
1992,72,0,1418,Bill Glasson,149,45,104
1992,73,0,1139,Olin Browne,150,55,95
1992,74,0,1736,Roger Maltbie,154,84,70
1992,75,0,1444,Ken Green,155,133,22
1992,76,0,2303,Robert Wrenn,156,46,110
1992,77,0,1553,John Huston,157,84,73
1992,78,0,1408,Kelly Gibson,162,76,86
1992,79,0,6284,Jim Hallet,163,140,23
1992,80,0,1549,Mike Hulbert,164,101,63
1992,81,0,1049,Ian Baker-Finch,168,71,97
1992,82,0,1096,Phil Blackmar,170,76,94
1992,83,0,2095,Larry Silveira,171,69,102
1992,84,0,2104,Jeff Sluman,172,130,42
1992,85,0,6040,John Ross,177,144,33
1992,86,0,1414,Bob Gilder,178,29,149
1992,87,0,1143,Brad Bryant,179,103,76
1992,87,0,1926,Steve Pate,179,108,71
1992,87,0,2099,Scott Simpson,179,105,74
1992,90,0,1161,Mark Calcavecchia,183,92,91
1992,90,0,1559,Hale Irwin,183,71,112
1992,90,0,2167,Mike Sullivan,183,84,99
1992,93,0,2298,Jim Woodward,186,94,92
1992,94,0,1284,Mike Donald,188,99,89
1992,94,0,1323,Brad Fabel,188,90,98
1992,94,0,1569,Peter Jacobsen,188,31,157
1992,97,0,1353,Bruce Fleisher,193,101,92
1992,97,0,6332,Neal Lancaster,193,76,117
1992,99,0,1093,Ronnie Black,195,79,116
1992,100,0,6751,Chris Tucker,200,75,125
1992,101,0,1522,Lon Hinkle,202,83,119
1992,102,0,1320,Bob Estes,203,79,124
1992,102,0,2224,Greg Twiggs,203,68,135
1992,104,0,2242,Lanny Wadkins,204,124,80
1992,105,0,2111,Mike Smith,205,121,84
1992,106,0,2033,Dave Rummells,211,109,102
1992,107,0,1701,Bob Lohr,212,94,118
1992,108,0,1142,Bart Bryant,213,125,88
1992,109,0,1960,Don Pooley,219,109,110
1992,110,0,6034,Marco Dawson,220,94,126
1992,110,0,1435,Wayne Grady,220,142,78
1992,112,0,1261,Jay Delsing,225,103,122
1992,113,0,1527,Scott Hoch,227,152,75
1992,114,0,2206,David Toms,228,98,130
1992,115,0,1040,Emlyn Aubrey,229,100,129
1992,115,0,6072,Greg Whisman,229,92,137
1992,117,0,1185,Brandel Chamblee,231,126,105
1992,118,0,2131,Mike Springer,233,113,120
1992,118,0,2195,Leonard Thompson,233,105,128
1992,118,0,2313,Bruce Zabriski,233,143,90
1992,121,0,1376,Bob Friend,234,138,96
1992,122,0,2267,D.A. Weibring,235,82,153
1992,123,0,2090,Tom Sieckmann,239,139,100
1992,124,0,2007,Larry Rinker,240,153,87
1992,125,0,1035,Tommy Armour III,241,128,113
1992,125,0,1129,Bill Britton,241,140,101
1992,127,0,1288,Ed Dougherty,245,113,132
1992,128,0,6048,Dicky Thompson,247,113,134
1992,129,0,6150,Carl Cooper,250,109,141
1992,129,0,6132,Sonny Skinner,250,135,115
1992,131,0,2185,Lance Ten Broeck,251,137,114
1992,132,0,2279,Mark Wiebe,252,167,85
1992,133,0,1891,David Ogrin,254,148,106
1992,134,0,1468,Gary Hallberg,255,109,146
1992,135,0,2002,John Riegger,257,94,163
1992,136,0,2214,Kirk Triplett,258,113,145
1992,137,0,1755,Dick Mast,259,151,108
1992,138,0,1846,Jodie Mudd,261,113,148
1992,139,0,1378,David Frost,265,121,144
1992,140,0,6599,John Elliott,267,105,162
1992,141,0,1346,Ed Fiori,268,128,140
1992,141,0,8277,Greg Lesher,268,135,133
1992,143,0,1157,Tom Byrum,271,134,137
1992,144,0,1098,Jay Don Blake,275,166,109
1992,145,0,1239,Michael Cunning,279,121,158
1992,146,0,1024,Billy Andrade,280,159,121
1992,146,0,1235,Ben Crenshaw,280,157,123
1992,148,0,2311,Kim Young,281,113,168
1992,149,0,1533,P.H. Horgan III,284,153,131
1992,150,0,1557,John Inman,285,131,154
1992,151,0,2226,Tray Tyner,287,126,161
1992,152,0,1133,Billy Ray Brown,290,148,142
1992,153,0,1443,Hubert Green,294,119,175
1992,154,0,1748,Doug Martin,297,161,136
1992,154,0,2170,Hal Sutton,297,170,127
1992,156,0,1168,David Canipe,300,131,169
1992,156,0,1374,Robin Freeman,300,157,143
1992,158,0,6575,Dudley Hart,305,150,155
1992,159,0,6010,Brad Bell,311,144,167
1992,160,0,2201,Jim Thorpe,315,168,147
1992,161,0,6122,Greg Hickman,318,147,171
1992,162,0,1329,Brad Faxon,320,181,139
1992,163,0,1458,Jerry Haas,321,171,150
1992,164,0,1495,Morris Hatalsky,322,146,176
1992,165,0,2292,Bob Wolcott,323,164,159
1992,166,0,1489,Steve Hart,324,160,164
1992,167,0,6012,Greg Kraft,325,165,160
1992,167,0,2094,Tony Sills,325,155,170
1992,169,0,1943,Chris Perry,327,175,152
1992,169,0,2223,Bob Tway,327,176,151
1992,171,0,1390,Buddy Gardner,330,174,156
1992,171,0,2041,Bill Sander,330,156,174
1992,173,0,1023,Jerry Anderson,336,163,173
1992,174,0,1934,Dave Peege,338,173,165
1992,175,0,1978,Fran Quinn,340,162,178
1992,176,0,1214,Frank Conner,343,171,172
1992,177,0,8537,J.P. Hayes,344,178,166
1992,178,0,2063,Dave Schreyer,351,169,182
1992,179,0,6142,Mitch Adcock,359,180,179
1992,179,0,6383,E.J. Pfister,359,179,180
1992,181,0,1181,Jon Chaffee,360,183,177
1992,181,0,2230,Stan Utley,360,177,183
1992,183,0,1639,Kenny Knox,363,182,181
1991,1,3,1690,Bruce Lietzke,2,1,1
1991,2,5,2321,Fuzzy Zoeller,6,2,4
1991,3,9,1975,Tom Purtzer,14,8,6
1991,4,11,2170,Hal Sutton,22,20,2
1991,5,11,1797,Rocco Mediate,25,13,12
1991,6,11,1926,Steve Pate,27,22,5
1991,7,14,1771,Blaine McCallister,33,10,23
1991,8,21,1072,Chip Beck,34,20,14
1991,8,11,6044,Scott Gump,34,18,16
1991,10,8,2067,Ted Schulz,35,3,32
1991,11,11,1945,Kenny Perry,38,4,34
1991,12,13,1968,Nick Price,39,10,29
1991,13,11,1226,Fred Couples,40,22,18
1991,13,13,1938,David Peoples,40,31,9
1991,15,12,1527,Scott Hoch,41,22,19
1991,16,15,1633,Tom Kite,45,28,17
1991,17,16,2256,Tom Watson,46,16,30
1991,18,22,1971,Dillard Pruitt,47,37,10
1991,19,14,1203,Russ Cochran,48,40,8
1991,20,17,1958,Dan Pohl,49,36,13
1991,21,16,1837,Gil Morgan,52,12,40
1991,22,19,1313,Steve Elkington,53,15,38
1991,23,19,1219,John Cook,56,53,3
1991,23,9,1724,Jeff Maggert,56,5,51
1991,25,19,1142,Bart Bryant,57,37,20
1991,25,18,2101,Joey Sindelar,57,34,23
1991,27,18,1887,Mark O'Meara,60,19,41
1991,28,21,1306,David Edwards,63,48,15
1991,29,8,1014,Fulton Allem,67,7,60
1991,30,16,2049,Gene Sauers,68,43,25
1991,31,23,1042,Paul Azinger,79,25,54
1991,32,26,1060,Dave Barr,83,76,7
1991,32,23,1550,Ed Humenik,83,25,58
1991,34,19,1723,Andrew Magee,86,9,77
1991,35,49,1823,Larry Mize,89,68,21
1991,36,31,1682,Wayne Levi,91,46,45
1991,37,18,2133,Craig Stadler,93,6,87
1991,38,22,1599,Steve Jones,94,68,26
1991,39,25,1783,Mark McCumber,97,45,52
1991,40,23,2246,Duffy Waldorf,102,32,70
1991,41,25,1385,Jim Gallagher Jr.,103,17,86
1991,42,27,2100,Tim Simpson,104,40,64
1991,43,30,1469,Dan Halldorson,108,80,28
1991,44,30,1444,Ken Green,109,43,66
1991,45,25,1098,Jay Don Blake,112,35,77
1991,45,42,1457,Jay Haas,112,91,21
1991,45,31,1706,Davis Love III,112,14,98
1991,48,23,1569,Peter Jacobsen,113,80,33
1991,49,33,1766,Billy Mayfair,115,60,55
1991,50,27,2146,Payne Stewart,117,33,84
1991,50,39,2167,Mike Sullivan,117,71,46
1991,50,35,2242,Lanny Wadkins,117,49,68
1991,53,28,6284,Jim Hallet,119,108,11
1991,54,26,2195,Leonard Thompson,120,55,65
1991,54,31,2214,Kirk Triplett,120,65,55
1991,56,51,6034,Marco Dawson,122,91,31
1991,57,45,2267,D.A. Weibring,123,73,50
1991,58,36,1129,Bill Britton,124,76,48
1991,59,32,2159,Curtis Strange,130,47,83
1991,60,41,1049,Ian Baker-Finch,134,25,109
1991,61,36,1553,John Huston,135,40,95
1991,62,37,1388,Robert Gamez,137,30,107
1991,62,41,2223,Bob Tway,137,84,53
1991,64,30,1468,Gary Hallberg,139,29,110
1991,65,32,2303,Robert Wrenn,141,65,76
1991,66,45,2190,Doug Tewell,142,62,80
1991,66,47,2225,Howard Twitty,142,96,46
1991,68,44,1133,Billy Ray Brown,148,58,90
1991,69,52,1093,Ronnie Black,149,122,27
1991,69,49,1361,Dan Forsman,149,68,81
1991,69,62,2099,Scott Simpson,149,87,62
1991,72,31,6118,Greg Bruckner,151,80,71
1991,72,43,1390,Buddy Gardner,151,84,67
1991,72,38,2111,Mike Smith,151,94,57
1991,75,33,1323,Brad Fabel,153,118,35
1991,76,64,2010,Loren Roberts,154,113,41
1991,77,42,1549,Mike Hulbert,155,111,44
1991,78,48,1701,Bob Lohr,156,62,94
1991,78,38,2241,Bobby Wadkins,156,53,103
1991,80,37,1876,Greg Norman,158,37,121
1991,81,46,1143,Brad Bryant,160,64,96
1991,81,49,2322,Richard Zokol,160,122,38
1991,83,39,1510,Nolan Henke,163,50,113
1991,84,47,6332,Neal Lancaster,164,76,88
1991,85,49,1006,John Adams,167,96,71
1991,85,62,1725,John Mahaffey,167,130,37
1991,87,50,1035,Tommy Armour III,168,55,113
1991,88,57,1928,Corey Pavin,175,91,84
1991,89,46,2135,Mike Standly,176,58,118
1991,90,45,1577,Lee Janzen,178,50,128
1991,91,33,1040,Emlyn Aubrey,186,118,68
1991,91,49,1161,Mark Calcavecchia,186,55,131
1991,93,75,1381,Fred Funk,187,71,116
1991,94,91,1156,Curt Byrum,190,132,58
1991,95,70,6072,Greg Whisman,192,84,108
1991,96,42,1475,Donnie Hammond,193,89,104
1991,97,101,2131,Mike Springer,194,159,35
1991,98,102,1191,Barry Cheesman,195,103,92
1991,99,80,1151,Clark Burroughs,197,154,43
1991,100,42,1068,Andy Bean,198,87,111
1991,101,88,1201,Lennie Clements,201,152,49
1991,102,61,1266,Clark Dennis,202,60,142
1991,102,69,1846,Jodie Mudd,202,109,93
1991,104,65,1112,Charlie Bowles,206,52,154
1991,104,65,1435,Wayne Grady,206,76,130
1991,106,102,1996,Mike Reid,207,105,102
1991,107,50,1331,Rick Fehr,210,67,143
1991,108,55,1499,Mark Hayes,211,74,137
1991,109,46,1715,Mark Lye,212,139,73
1991,110,47,2104,Jeff Sluman,214,139,75
1991,111,55,1200,Keith Clearwater,215,136,79
1991,112,76,1157,Tom Byrum,216,75,141
1991,112,102,1346,Ed Fiori,216,142,74
1991,112,65,6048,Dicky Thompson,216,94,122
1991,115,86,1288,Ed Dougherty,217,155,62
1991,115,60,6571,Bryan Norton,217,83,134
1991,117,91,1196,Brian Claar,218,89,129
1991,117,60,1261,Jay Delsing,218,118,100
1991,117,30,1355,Raymond Floyd,218,107,111
1991,117,76,2090,Tom Sieckmann,218,158,60
1991,121,77,1249,John Daly,219,96,123
1991,121,41,1307,Joel Edwards,219,130,89
1991,123,59,1132,Mark Brooks,227,101,126
1991,124,81,1282,Trevor Dodds,230,139,91
1991,124,94,1946,Peter Persons,230,133,97
1991,126,70,1024,Billy Andrade,232,117,115
1991,127,78,1096,Phil Blackmar,238,105,133
1991,128,65,1414,Bob Gilder,244,124,120
1991,129,109,1559,Hale Irwin,246,101,145
1991,130,114,6006,JC Anderson,248,109,139
1991,131,90,1662,Greg Ladehoff,249,148,101
1991,132,118,2201,Jim Thorpe,250,168,82
1991,133,83,2148,Ray Stewart,252,114,138
1991,134,57,1185,Brandel Chamblee,253,126,127
1991,134,122,1557,John Inman,253,128,125
1991,136,101,1320,Bob Estes,254,148,106
1991,136,100,6573,Brandt Jobe,254,96,158
1991,138,135,1458,Jerry Haas,260,161,99
1991,138,76,1607,Brian Kamm,260,136,124
1991,140,95,2095,Larry Silveira,261,96,165
1991,141,121,1943,Chris Perry,267,163,104
1991,142,139,1168,David Canipe,269,103,166
1991,143,86,6577,John Wilson,271,136,135
1991,144,114,1639,Kenny Knox,274,155,119
1991,144,116,2186,Brian Tennyson,274,118,156
1991,146,118,1329,Brad Faxon,277,160,117
1991,147,79,6575,Dudley Hart,278,128,150
1991,148,127,1078,Jim Benepe,281,150,131
1991,148,108,1626,Karl Kimball,281,114,167
1991,150,124,6197,Michael Allen,284,111,173
1991,151,140,1835,Tommy Moore,287,134,153
1991,152,183,2224,Greg Twiggs,289,150,139
1991,153,131,1378,David Frost,292,124,168
1991,154,113,2292,Bob Wolcott,295,147,148
1991,155,192,1495,Morris Hatalsky,297,114,183
1991,155,114,1984,Sam Randolph,297,126,171
1991,157,126,2033,Dave Rummells,303,146,157
1991,158,132,1039,Perry Arthur,304,155,149
1991,158,124,6090,Jim McGovern,304,153,151
1991,160,134,2054,Ken Schall,306,170,136
1991,161,147,2279,Mark Wiebe,307,145,162
1991,162,140,1154,Bill Buttner,308,164,144
1991,163,146,1106,Jim Booros,310,135,175
1991,164,115,6140,Sean Murphy,314,143,171
1991,165,161,2007,Larry Rinker,315,169,146
1991,166,163,2298,Jim Woodward,319,172,147
1991,167,187,2041,Bill Sander,323,164,159
1991,168,173,1736,Roger Maltbie,328,164,164
1991,169,204,2185,Lance Ten Broeck,331,176,155
1991,170,182,6150,Carl Cooper,332,144,188
1991,171,184,1235,Ben Crenshaw,333,172,161
1991,172,208,2257,Brian Watts,335,183,152
1991,173,212,2230,Stan Utley,336,167,169
1991,174,192,1284,Mike Donald,338,178,160
1991,175,220,2196,Robert Thompson,344,181,163
1991,176,214,6016,Brad Lardon,345,161,184
1991,177,227,6581,David Sutherland,346,176,170
1991,178,212,1197,Bobby Clampett,350,172,178
1991,179,210,6010,Brad Bell,351,171,180
1991,179,209,2023,Clarence Rose,351,175,176
1991,181,219,2311,Kim Young,355,178,177
1991,182,234,1755,Dick Mast,360,178,182
1991,182,262,1878,Andy North,360,186,174
1991,184,242,2255,Denis Watson,363,182,181
1991,185,295,1790,Pat McGowan,367,188,179
1991,186,244,6579,Craig Rudolph,370,183,187
1991,187,243,1303,Bob Eastwood,371,185,186
1991,187,295,2294,Willie Wood,371,187,184
1991,189,390,2239,Scott Verplank,378,189,189
1990,1,0,2100,Tim Simpson,14,8,6
1990,2,0,1797,Rocco Mediate,21,19,2
1990,3,0,1945,Kenny Perry,22,1,21
1990,4,0,1837,Gil Morgan,25,12,13
1990,5,0,1633,Tom Kite,27,24,3
1990,6,0,1938,David Peoples,28,13,15
1990,7,0,1133,Billy Ray Brown,29,5,24
1990,8,0,2322,Richard Zokol,32,21,11
1990,9,0,1042,Paul Azinger,33,10,23
1990,10,0,1569,Peter Jacobsen,34,22,12
1990,10,0,2190,Doug Tewell,34,33,1
1990,12,0,1527,Scott Hoch,36,7,29
1990,13,0,1510,Nolan Henke,38,24,14
1990,13,0,1876,Greg Norman,38,2,36
1990,15,0,2241,Bobby Wadkins,39,31,8
1990,16,0,1690,Bruce Lietzke,40,14,26
1990,17,0,2159,Curtis Strange,41,37,4
1990,18,0,1226,Fred Couples,43,15,28
1990,19,0,2049,Gene Sauers,45,3,42
1990,20,0,1766,Billy Mayfair,47,17,30
1990,21,0,1975,Tom Purtzer,49,39,10
1990,22,0,1313,Steve Elkington,50,8,42
1990,23,0,1599,Steve Jones,59,6,53
1990,23,0,1725,John Mahaffey,59,43,16
1990,25,0,1060,Dave Barr,62,57,5
1990,26,0,1968,Nick Price,64,44,20
1990,27,0,6118,Greg Bruckner,68,35,33
1990,28,0,1035,Tommy Armour III,70,19,51
1990,29,0,1385,Jim Gallagher Jr.,71,16,55
1990,29,0,2067,Ted Schulz,71,31,40
1990,31,0,2180,Harry Taylor,75,58,17
1990,32,0,2303,Robert Wrenn,77,41,36
1990,33,0,1049,Ian Baker-Finch,79,29,50
1990,34,0,1418,Bill Glasson,80,17,63
1990,35,0,1926,Steve Pate,81,29,52
1990,36,0,1715,Mark Lye,83,76,7
1990,37,0,1823,Larry Mize,89,64,25
1990,38,0,1559,Hale Irwin,90,68,22
1990,38,0,1887,Mark O'Meara,90,58,32
1990,40,0,1161,Mark Calcavecchia,92,56,36
1990,41,0,2321,Fuzzy Zoeller,96,39,57
1990,42,0,1388,Robert Gamez,100,11,89
1990,42,0,2148,Ray Stewart,100,83,17
1990,44,0,2170,Hal Sutton,102,48,54
1990,45,0,2146,Payne Stewart,103,23,80
1990,46,0,6284,Jim Hallet,106,66,40
1990,47,0,1723,Andrew Magee,109,37,72
1990,47,0,2010,Loren Roberts,109,100,9
1990,49,0,1219,John Cook,111,94,17
1990,49,0,1390,Buddy Gardner,111,27,84
1990,51,0,1928,Corey Pavin,113,78,35
1990,52,0,1320,Bob Estes,115,50,65
1990,52,0,1783,Mark McCumber,115,79,36
1990,54,0,2101,Joey Sindelar,116,70,46
1990,55,0,1682,Wayne Levi,119,75,44
1990,56,0,1006,John Adams,123,48,75
1990,57,0,1706,Davis Love III,126,27,99
1990,58,0,1014,Fulton Allem,127,26,101
1990,58,0,2133,Craig Stadler,127,3,124
1990,60,0,1203,Russ Cochran,128,81,47
1990,61,0,1307,Joel Edwards,129,53,76
1990,62,0,2195,Leonard Thompson,130,34,96
1990,63,0,6128,Steve Lamontagne,132,61,71
1990,64,0,2186,Brian Tennyson,136,63,73
1990,65,0,1971,Dillard Pruitt,140,53,87
1990,66,0,2292,Bob Wolcott,141,83,58
1990,67,0,1306,David Edwards,144,89,55
1990,68,0,1068,Andy Bean,148,41,107
1990,69,0,1151,Clark Burroughs,150,87,63
1990,70,0,1078,Jim Benepe,151,85,66
1990,70,0,6332,Neal Lancaster,151,91,60
1990,72,0,1196,Brian Claar,156,129,27
1990,72,0,1469,Dan Halldorson,156,96,60
1990,72,0,6132,Sonny Skinner,156,79,77
1990,75,0,2246,Duffy Waldorf,160,35,125
1990,76,0,1098,Jay Don Blake,161,112,49
1990,77,0,2256,Tom Watson,163,46,117
1990,78,0,1284,Mike Donald,170,125,45
1990,78,0,1468,Gary Hallberg,170,108,62
1990,80,0,1261,Jay Delsing,175,70,105
1990,80,0,2033,Dave Rummells,175,46,129
1990,82,0,6144,John Dowdall,179,69,110
1990,82,0,1996,Mike Reid,179,111,68
1990,84,0,1771,Blaine McCallister,180,66,114
1990,85,0,1361,Dan Forsman,181,96,85
1990,85,0,2118,J.C. Snead,181,60,121
1990,87,0,1266,Clark Dennis,182,51,131
1990,88,0,1024,Billy Andrade,184,126,58
1990,88,0,1310,Dave Eichelberger,184,137,47
1990,88,0,2214,Kirk Triplett,184,115,69
1990,91,0,2090,Tom Sieckmann,186,91,95
1990,92,0,1040,Emlyn Aubrey,188,118,70
1990,92,0,1946,Peter Persons,188,100,88
1990,94,0,1132,Mark Brooks,189,122,67
1990,95,0,1156,Curt Byrum,190,107,83
1990,95,0,1200,Keith Clearwater,190,64,126
1990,97,0,1475,Donnie Hammond,194,44,150
1990,97,0,2242,Lanny Wadkins,194,91,103
1990,99,0,1323,Brad Fabel,199,168,31
1990,99,0,1381,Fred Funk,199,98,101
1990,99,0,1639,Kenny Knox,199,117,82
1990,102,0,1072,Chip Beck,200,53,147
1990,103,0,2201,Jim Thorpe,202,169,33
1990,104,0,2267,D.A. Weibring,204,61,143
1990,105,0,1935,Calvin Peete,208,104,104
1990,105,0,2223,Bob Tway,208,122,86
1990,107,0,1549,Mike Hulbert,210,136,74
1990,108,0,1143,Brad Bryant,211,89,122
1990,109,0,6197,Michael Allen,215,74,141
1990,110,0,1096,Phil Blackmar,216,126,90
1990,111,0,2215,Paul Trittler,217,139,78
1990,112,0,1093,Ronnie Black,218,95,123
1990,112,0,1414,Bob Gilder,218,51,167
1990,114,0,1435,Wayne Grady,219,108,111
1990,115,0,2225,Howard Twitty,222,113,109
1990,116,0,1288,Ed Dougherty,223,77,146
1990,117,0,1129,Bill Britton,224,118,106
1990,118,0,2111,Mike Smith,229,100,129
1990,119,0,1168,David Canipe,234,81,153
1990,120,0,2041,Bill Sander,237,98,139
1990,121,0,1443,Hubert Green,239,158,81
1990,121,0,2087,Don Shirey Jr.,239,147,92
1990,123,0,1444,Ken Green,240,142,98
1990,124,0,6124,Patrick Burke,241,70,171
1990,124,0,1577,Lee Janzen,241,130,111
1990,126,0,2298,Jim Woodward,243,164,79
1990,127,0,2095,Larry Silveira,244,106,138
1990,128,0,1943,Chris Perry,247,153,94
1990,129,0,1154,Bill Buttner,249,122,127
1990,129,0,1701,Bob Lohr,249,116,133
1990,129,0,1835,Tommy Moore,249,134,115
1990,132,0,1458,Jerry Haas,250,153,97
1990,132,0,1846,Jodie Mudd,250,130,120
1990,134,0,2167,Mike Sullivan,251,85,166
1990,135,0,1157,Tom Byrum,255,87,168
1990,136,0,6140,Sean Murphy,257,70,187
1990,137,0,1201,Lennie Clements,258,158,100
1990,137,0,1235,Ben Crenshaw,258,165,93
1990,139,0,1346,Ed Fiori,266,121,145
1990,140,0,1378,David Frost,268,126,142
1990,140,0,1499,Mark Hayes,268,140,128
1990,140,0,1557,John Inman,268,108,160
1990,143,0,1333,Jack Ferenz,274,183,91
1990,143,0,1487,Jeff Hart,274,158,116
1990,145,0,1960,Don Pooley,275,141,134
1990,146,0,1507,Webb Heintzelman,277,133,144
1990,147,0,1522,Lon Hinkle,278,100,178
1990,148,0,1106,Jim Booros,280,162,118
1990,149,0,6122,Greg Hickman,284,104,180
1990,150,0,1571,Barry Jaeckel,285,150,135
1990,150,0,2239,Scott Verplank,285,172,113
1990,152,0,1457,Jay Haas,286,179,107
1990,153,0,6130,Jeffrey Wilson,287,169,118
1990,154,0,2099,Scott Simpson,289,152,137
1990,155,0,1023,Jerry Anderson,293,142,151
1990,156,0,6425,Rick Todd,294,113,181
1990,157,0,1553,John Huston,295,118,177
1990,158,0,1197,Bobby Clampett,303,167,136
1990,159,0,6136,Mike Schuchart,304,130,174
1990,159,0,2279,Mark Wiebe,304,156,148
1990,161,0,1607,Brian Kamm,305,142,163
1990,162,0,2224,Greg Twiggs,310,178,132
1990,163,0,1533,P.H. Horgan III,311,142,169
1990,164,0,2230,Stan Utley,312,137,175
1990,165,0,2104,Jeff Sluman,313,174,139
1990,165,0,2185,Lance Ten Broeck,313,161,152
1990,167,0,6142,Mitch Adcock,314,149,165
1990,168,0,6150,Carl Cooper,317,157,160
1990,169,0,1489,Steve Hart,322,146,176
1990,170,0,1878,Andy North,325,134,191
1990,171,0,1736,Roger Maltbie,326,177,149
1990,172,0,1941,Tom Pernice Jr.,332,150,182
1990,173,0,1329,Brad Faxon,333,169,164
1990,173,0,1331,Rick Fehr,333,175,158
1990,175,0,1150,George Burns,335,147,188
1990,175,0,1303,Bob Eastwood,335,163,172
1990,175,0,2245,Grant Waite,335,173,162
1990,178,0,1641,Gary Koch,338,182,156
1990,178,0,2094,Tony Sills,338,184,154
1990,180,0,1355,Raymond Floyd,340,155,185
1990,181,0,2007,Larry Rinker,341,184,157
1990,181,0,2023,Clarence Rose,341,186,155
1990,183,0,1891,David Ogrin,345,186,159
1990,184,0,1321,Tom Eubank,358,175,183
1990,184,0,1925,Jerry Pate,358,166,192
1990,186,0,1790,Pat McGowan,361,191,170
1990,187,0,2294,Willie Wood,363,190,173
1990,188,0,1175,Jim Carter,367,188,179
1990,189,0,6148,Dennis Harrington,369,180,189
1990,190,0,1037,Dewey Arnette,370,180,190
1990,191,0,1495,Morris Hatalsky,375,189,186
1990,192,0,1061,Ray Barr Jr.,376,192,184
1989,1,5,2170,Hal Sutton,12,5,7
1989,2,6,1385,Jim Gallagher Jr.,13,11,2
1989,3,8,1837,Gil Morgan,16,6,10
1989,4,8,1042,Paul Azinger,17,4,13
1989,5,5,1876,Greg Norman,18,1,17
1989,6,3,1690,Bruce Lietzke,20,19,1
1989,7,9,1035,Tommy Armour III,24,13,11
1989,8,6,1945,Kenny Perry,27,2,25
1989,8,13,2100,Tim Simpson,27,15,12
1989,10,16,1725,John Mahaffey,32,28,4
1989,10,9,2133,Craig Stadler,32,3,29
1989,12,8,2033,Dave Rummells,33,26,7
1989,13,9,1418,Bill Glasson,37,17,20
1989,14,15,2321,Fuzzy Zoeller,45,23,22
1989,15,12,2146,Payne Stewart,47,12,35
1989,16,20,1143,Brad Bryant,48,17,31
1989,16,14,2118,J.C. Snead,48,43,5
1989,18,17,1133,Billy Ray Brown,51,24,27
1989,19,23,2067,Ted Schulz,53,32,21
1989,20,24,1797,Rocco Mediate,55,41,14
1989,21,10,1098,Jay Don Blake,57,19,38
1989,21,10,1771,Blaine McCallister,57,10,47
1989,23,28,1783,Mark McCumber,60,46,14
1989,24,19,1060,Dave Barr,61,58,3
1989,24,30,1510,Nolan Henke,61,43,18
1989,24,15,1569,Peter Jacobsen,61,8,53
1989,24,17,1975,Tom Purtzer,61,24,37
1989,28,10,1926,Steve Pate,62,13,49
1989,29,21,1161,Mark Calcavecchia,66,21,45
1989,29,16,1226,Fred Couples,66,16,50
1989,31,15,1014,Fulton Allem,67,9,58
1989,32,28,1682,Wayne Levi,69,60,9
1989,32,17,1958,Dan Pohl,69,7,62
1989,34,24,2190,Doug Tewell,75,36,39
1989,35,24,6284,Jim Hallet,77,54,23
1989,36,27,1527,Scott Hoch,78,32,46
1989,36,17,1549,Mike Hulbert,78,36,42
1989,36,25,1633,Tom Kite,78,49,29
1989,39,22,2246,Duffy Waldorf,86,31,55
1989,40,31,2225,Howard Twitty,100,57,43
1989,41,25,1938,David Peoples,101,77,24
1989,42,23,1151,Clark Burroughs,104,72,32
1989,43,24,1706,Davis Love III,108,36,72
1989,44,28,2279,Mark Wiebe,109,42,67
1989,45,32,1723,Andrew Magee,110,29,81
1989,45,27,2101,Joey Sindelar,110,56,54
1989,47,34,2159,Curtis Strange,111,59,52
1989,48,45,1049,Ian Baker-Finch,112,50,62
1989,48,31,1313,Steve Elkington,112,73,39
1989,48,22,1968,Nick Price,112,29,83
1989,51,48,1282,Trevor Dodds,115,87,28
1989,52,23,2049,Gene Sauers,118,27,91
1989,52,27,2303,Robert Wrenn,118,43,75
1989,54,28,1941,Tom Pernice Jr.,120,87,33
1989,55,34,1475,Donnie Hammond,125,60,65
1989,55,38,1846,Jodie Mudd,125,54,71
1989,57,38,2322,Richard Zokol,128,78,50
1989,58,26,2087,Don Shirey Jr.,130,124,6
1989,59,45,1006,John Adams,131,71,60
1989,60,30,1203,Russ Cochran,132,46,86
1989,60,23,1766,Billy Mayfair,132,22,110
1989,60,47,2186,Brian Tennyson,132,66,66
1989,63,28,1864,Larry Nelson,135,32,103
1989,64,46,1390,Buddy Gardner,136,69,67
1989,65,46,1201,Lennie Clements,138,122,16
1989,66,33,2185,Lance Ten Broeck,139,120,19
1989,67,38,1444,Ken Green,140,50,90
1989,67,50,1559,Hale Irwin,140,104,36
1989,69,23,2241,Bobby Wadkins,142,78,64
1989,70,48,1435,Wayne Grady,148,87,61
1989,70,27,1777,John McComish,148,40,108
1989,72,27,1200,Keith Clearwater,149,70,79
1989,73,38,1639,Kenny Knox,151,50,101
1989,74,33,1468,Gary Hallberg,152,60,92
1989,74,21,1599,Steve Jones,152,32,120
1989,76,35,1884,Mac O'Grady,155,112,43
1989,77,50,1306,David Edwards,156,82,74
1989,78,50,1522,Lon Hinkle,160,84,76
1989,79,37,2195,Leonard Thompson,162,66,96
1989,80,34,1175,Jim Carter,163,36,127
1989,81,28,1068,Andy Bean,168,50,118
1989,81,43,1072,Chip Beck,168,66,102
1989,83,37,1469,Dan Halldorson,171,87,84
1989,84,53,2242,Lanny Wadkins,173,125,48
1989,85,51,2148,Ray Stewart,176,117,59
1989,86,36,1156,Curt Byrum,177,110,67
1989,86,49,1346,Ed Fiori,177,99,78
1989,88,37,2223,Bob Tway,180,74,106
1989,89,107,1564,David Jackson,183,97,86
1989,90,53,1326,Nick Faldo,187,46,141
1989,91,46,1378,David Frost,188,65,123
1989,91,70,1877,Tim Norris,188,107,81
1989,93,39,1499,Mark Hayes,191,118,73
1989,93,107,2010,Loren Roberts,191,134,57
1989,95,57,1168,David Canipe,192,93,99
1989,95,64,1307,Joel Edwards,192,158,34
1989,95,48,1736,Roger Maltbie,192,80,112
1989,98,68,1996,Mike Reid,193,93,100
1989,99,67,1701,Bob Lohr,194,91,103
1989,100,109,1154,Bill Buttner,197,171,26
1989,101,39,1129,Bill Britton,199,129,70
1989,102,38,1715,Mark Lye,209,129,80
1989,103,72,1823,Larry Mize,214,92,122
1989,104,71,1414,Bob Gilder,216,63,153
1989,104,55,1943,Chris Perry,216,140,76
1989,106,34,2256,Tom Watson,217,102,115
1989,107,70,1928,Corey Pavin,221,93,128
1989,107,127,1931,Rick Pearson,221,180,41
1989,109,72,1078,Jim Benepe,222,63,159
1989,110,23,1887,Mark O'Meara,223,110,113
1989,111,87,1550,Ed Humenik,225,75,150
1989,112,57,1331,Rick Fehr,226,138,88
1989,113,102,1891,David Ogrin,230,133,97
1989,114,99,2041,Bill Sander,231,80,151
1989,115,53,1284,Mike Donald,233,97,136
1989,116,80,1106,Jim Booros,235,137,98
1989,116,85,1507,Webb Heintzelman,235,140,95
1989,116,76,2090,Tom Sieckmann,235,75,160
1989,119,67,1662,Greg Ladehoff,238,99,139
1989,120,155,1061,Ray Barr Jr.,239,183,56
1989,120,83,1132,Mark Brooks,239,145,94
1989,122,41,1329,Brad Faxon,241,120,121
1989,123,123,1248,Rick Dalpos,242,126,116
1989,123,116,1261,Jay Delsing,242,131,111
1989,125,70,1024,Billy Andrade,243,151,92
1989,126,92,2095,Larry Silveira,245,102,143
1989,127,80,1381,Fred Funk,246,127,119
1989,127,120,1935,Calvin Peete,246,93,153
1989,129,121,1557,John Inman,247,162,85
1989,129,80,2267,D.A. Weibring,247,109,138
1989,131,104,1773,Ronnie McCann,248,114,134
1989,132,80,2292,Bob Wolcott,249,161,88
1989,133,61,1310,Dave Eichelberger,250,104,146
1989,134,46,1303,Bob Eastwood,251,118,133
1989,135,87,1717,Sandy Lyle,255,84,171
1989,135,122,2099,Scott Simpson,255,131,124
1989,137,121,1157,Tom Byrum,257,84,173
1989,138,82,2201,Jim Thorpe,259,150,109
1989,139,128,2261,Doug Weaver,261,104,157
1989,140,86,1487,Jeff Hart,263,149,114
1989,141,132,1443,Hubert Green,264,82,182
1989,142,128,1096,Phil Blackmar,273,101,172
1989,142,118,1323,Brad Fabel,273,166,107
1989,144,82,1571,Barry Jaeckel,274,148,126
1989,145,70,2023,Clarence Rose,275,140,135
1989,146,79,2167,Mike Sullivan,277,107,170
1989,147,116,1361,Dan Forsman,278,134,144
1989,147,116,1960,Don Pooley,278,112,166
1989,149,114,1374,Robin Freeman,281,151,130
1989,150,99,1093,Ronnie Black,282,136,146
1989,151,111,1984,Sam Randolph,283,114,169
1989,152,116,1641,Gary Koch,286,155,131
1989,153,207,1790,Pat McGowan,290,185,105
1989,154,98,1150,George Burns,291,123,168
1989,155,131,1685,J.L. Lewis,293,114,179
1989,156,102,1197,Bobby Clampett,295,147,148
1989,156,144,1457,Jay Haas,295,178,117
1989,156,97,1813,Mike Miles,295,158,137
1989,159,134,1086,Roy Biancalana,297,172,125
1989,160,143,1533,P.H. Horgan III,302,173,129
1989,161,131,1666,Bernhard Langer,304,127,177
1989,162,110,1553,John Huston,305,140,165
1989,163,130,1992,Don Reese,307,158,149
1989,163,141,2239,Scott Verplank,307,175,132
1989,165,141,1235,Ben Crenshaw,309,154,155
1989,166,148,1626,Karl Kimball,311,169,142
1989,167,149,2094,Tony Sills,314,169,145
1989,167,165,2224,Greg Twiggs,314,140,174
1989,169,178,1355,Raymond Floyd,319,138,181
1989,169,182,2222,Billy Tuten,319,179,140
1989,171,141,2104,Jeff Sluman,324,157,167
1989,172,143,1952,Billy Pierot,325,163,162
1989,173,168,1112,Charlie Bowles,326,146,180
1989,174,170,1033,George Archer,328,165,163
1989,175,166,1448,Tony Grimes,329,168,161
1989,176,158,1162,Rex Caldwell,333,155,178
1989,176,194,2196,Robert Thompson,333,181,152
1989,178,174,2007,Larry Rinker,335,177,158
1989,179,195,1030,Isao Aoki,336,153,183
1989,180,175,1320,Bob Estes,339,175,164
1989,180,191,1755,Dick Mast,339,184,155
1989,182,273,1495,Morris Hatalsky,349,164,185
1989,182,212,1614,Jack Kay Jr.,349,174,175
1989,184,215,1925,Jerry Pate,351,167,184
1989,185,220,1489,Steve Hart,358,182,176
1989,186,358,2294,Willie Wood,372,186,186
1988,1,0,1072,Chip Beck,11,2,9
1988,1,0,1958,Dan Pohl,11,4,7
1988,3,0,1725,John Mahaffey,13,5,8
1988,4,0,1690,Bruce Lietzke,15,12,3
1988,5,0,2049,Gene Sauers,16,11,5
1988,6,0,1783,Mark McCumber,17,7,10
1988,7,0,1837,Gil Morgan,22,9,13
1988,8,0,1060,Dave Barr,27,25,2
1988,9,0,1378,David Frost,32,6,26
1988,10,0,1418,Bill Glasson,34,23,11
1988,11,0,1006,John Adams,37,36,1
1988,12,0,2146,Payne Stewart,38,3,35
1988,13,0,2241,Bobby Wadkins,39,14,25
1988,14,0,1569,Peter Jacobsen,43,13,30
1988,15,0,2303,Robert Wrenn,46,27,19
1988,16,0,1226,Fred Couples,47,26,21
1988,17,0,1633,Tom Kite,50,35,15
1988,17,0,1945,Kenny Perry,50,10,40
1988,19,0,6284,Jim Hallet,51,24,27
1988,20,0,2256,Tom Watson,52,16,36
1988,21,0,2101,Joey Sindelar,53,20,33
1988,22,0,1975,Tom Purtzer,56,33,23
1988,23,0,2033,Dave Rummells,63,19,44
1988,24,0,2321,Fuzzy Zoeller,64,21,43
1988,25,0,1385,Jim Gallagher Jr.,68,39,29
1988,26,0,2100,Tim Simpson,69,53,16
1988,27,0,1971,Dillard Pruitt,71,59,12
1988,28,0,1935,Calvin Peete,73,67,6
1988,29,0,1475,Donnie Hammond,77,45,32
1988,30,0,1682,Wayne Levi,81,61,20
1988,31,0,1444,Ken Green,83,14,69
1988,31,0,1797,Rocco Mediate,83,65,18
1988,33,0,2246,Duffy Waldorf,85,28,57
1988,34,0,1926,Steve Pate,87,37,50
1988,35,0,1887,Mark O'Meara,88,31,57
1988,36,0,2279,Mark Wiebe,89,44,45
1988,37,0,1527,Scott Hoch,93,65,28
1988,38,0,1133,Billy Ray Brown,94,46,48
1988,39,0,1035,Tommy Armour III,95,57,38
1988,40,0,1042,Paul Azinger,101,49,52
1988,41,0,1156,Curt Byrum,103,30,73
1988,41,0,1864,Larry Nelson,103,17,86
1988,43,0,1435,Wayne Grady,104,57,47
1988,43,0,1549,Mike Hulbert,104,87,17
1988,45,0,1143,Brad Bryant,106,84,22
1988,45,0,2186,Brian Tennyson,106,33,73
1988,47,0,1203,Russ Cochran,107,69,38
1988,47,0,2159,Curtis Strange,107,46,61
1988,49,0,1201,Lennie Clements,108,38,70
1988,50,0,2170,Hal Sutton,111,62,49
1988,51,0,1706,Davis Love III,113,22,91
1988,52,0,1161,Mark Calcavecchia,115,53,62
1988,52,0,1235,Ben Crenshaw,115,101,14
1988,54,0,1701,Bob Lohr,117,86,31
1988,54,0,1877,Tim Norris,117,113,4
1988,56,0,1014,Fulton Allem,118,77,41
1988,57,0,2190,Doug Tewell,120,64,56
1988,58,0,1157,Tom Byrum,126,67,59
1988,58,0,1968,Nick Price,126,18,108
1988,60,0,1876,Greg Norman,128,1,127
1988,61,0,1736,Roger Maltbie,129,70,59
1988,61,0,1771,Blaine McCallister,129,42,87
1988,63,0,2223,Bob Tway,130,42,88
1988,64,0,1996,Mike Reid,132,78,54
1988,65,0,1469,Dan Halldorson,137,74,63
1988,65,0,2267,D.A. Weibring,137,73,64
1988,67,0,1457,Jay Haas,138,101,37
1988,68,0,2010,Loren Roberts,143,109,34
1988,68,0,2104,Jeff Sluman,143,49,94
1988,70,0,1891,David Ogrin,148,93,55
1988,71,0,1717,Sandy Lyle,149,7,142
1988,72,0,1098,Jay Don Blake,150,74,76
1988,73,0,1723,Andrew Magee,152,39,113
1988,74,0,2180,Harry Taylor,156,114,42
1988,75,0,1599,Steve Jones,162,39,123
1988,76,0,1313,Steve Elkington,163,96,67
1988,76,0,1662,Greg Ladehoff,163,59,104
1988,76,0,1823,Larry Mize,163,70,93
1988,79,0,1219,John Cook,165,97,68
1988,79,0,2133,Craig Stadler,165,29,136
1988,79,0,2242,Lanny Wadkins,165,80,85
1988,82,0,1132,Mark Brooks,166,142,24
1988,82,0,1846,Jodie Mudd,166,83,83
1988,84,0,1175,Jim Carter,170,53,117
1988,85,0,2239,Scott Verplank,175,109,66
1988,86,0,1093,Ronnie Black,176,97,79
1988,87,0,1361,Dan Forsman,178,114,64
1988,87,0,1715,Mark Lye,178,106,72
1988,89,0,2118,J.C. Snead,180,130,50
1988,89,0,2196,Robert Thompson,180,128,52
1988,91,0,1168,David Canipe,181,106,75
1988,91,0,1858,Tommy Nakajima,181,31,150
1988,91,0,2195,Leonard Thompson,181,81,100
1988,94,0,1306,David Edwards,185,90,95
1988,95,0,1998,Jack Renner,192,103,89
1988,96,0,1191,Barry Cheesman,193,109,84
1988,96,0,2094,Tony Sills,193,116,77
1988,98,0,2160,Ron Streck,194,148,46
1988,99,0,1390,Buddy Gardner,199,87,112
1988,99,0,1641,Gary Koch,199,46,153
1988,99,0,2090,Tom Sieckmann,199,103,96
1988,102,0,2023,Clarence Rose,201,85,116
1988,103,0,1938,David Peoples,202,122,80
1988,104,0,1346,Ed Fiori,206,135,71
1988,105,0,1151,Clark Burroughs,208,93,115
1988,106,0,2225,Howard Twitty,214,70,144
1988,107,0,1884,Mac O'Grady,218,52,166
1988,107,0,2192,Steve Thomas,218,87,131
1988,109,0,1553,John Huston,219,93,126
1988,110,0,1135,Ken Brown,220,82,138
1988,110,0,1288,Ed Dougherty,220,99,121
1988,112,0,2167,Mike Sullivan,221,140,81
1988,113,0,1984,Sam Randolph,223,62,161
1988,114,0,1068,Andy Bean,224,51,173
1988,115,0,1355,Raymond Floyd,225,78,147
1988,116,0,1639,Kenny Knox,227,105,122
1988,117,0,2255,Denis Watson,228,53,175
1988,118,0,1414,Bob Gilder,230,76,154
1988,119,0,1303,Bob Eastwood,232,126,106
1988,120,0,2148,Ray Stewart,234,125,109
1988,121,0,1941,Tom Pernice Jr.,235,92,143
1988,121,0,2126,Bruce Soulsby,235,158,77
1988,123,0,2185,Lance Ten Broeck,236,138,98
1988,124,0,1559,Hale Irwin,238,90,148
1988,125,0,1892,Aki Ohmachi,242,109,133
1988,126,0,2041,Bill Sander,243,106,137
1988,127,0,1986,Joey Rassett,245,120,125
1988,128,0,1571,Barry Jaeckel,246,135,111
1988,129,0,1061,Ray Barr Jr.,248,166,82
1988,129,0,1928,Corey Pavin,248,129,119
1988,131,0,1310,Dave Eichelberger,249,139,110
1988,132,0,1931,Rick Pearson,250,145,105
1988,133,0,1261,Jay Delsing,251,117,134
1988,134,0,1024,Billy Andrade,252,117,135
1988,135,0,1499,Mark Hayes,253,150,103
1988,136,0,1033,George Archer,254,162,92
1988,136,0,1755,Dick Mast,254,164,90
1988,138,0,1154,Bill Buttner,256,149,107
1988,138,0,1284,Mike Donald,256,154,102
1988,140,0,1329,Brad Faxon,258,157,101
1988,141,0,1323,Brad Fabel,259,135,124
1988,142,0,1851,Bob Murphy,263,123,140
1988,142,0,1970,Bob Proben,263,131,132
1988,144,0,1960,Don Pooley,270,100,170
1988,145,0,1077,Mike Bender,273,174,99
1988,145,0,1943,Chris Perry,273,143,130
1988,147,0,1129,Bill Britton,274,177,97
1988,147,0,1200,Keith Clearwater,274,161,113
1988,147,0,1443,Hubert Green,274,120,154
1988,150,0,2099,Scott Simpson,280,123,157
1988,150,0,2311,Kim Young,280,132,148
1988,152,0,1094,Mike Blackburn,282,141,141
1988,152,0,1425,Ernie Gonzalez,282,153,129
1988,154,0,1096,Phil Blackmar,284,119,165
1988,155,0,1495,Morris Hatalsky,290,145,145
1988,156,0,1305,Danny Edwards,293,165,128
1988,157,0,2229,Brett Upper,295,134,161
1988,157,0,2322,Richard Zokol,295,127,168
1988,159,0,1648,Billy Kratzert,297,179,118
1988,160,0,1197,Bobby Clampett,302,143,159
1988,161,0,1790,Pat McGowan,303,183,120
1988,162,0,2007,Larry Rinker,306,160,146
1988,163,0,1127,Danny Briggs,309,170,139
1988,164,0,2313,Bruce Zabriski,310,150,160
1988,165,0,1106,Jim Booros,315,159,156
1988,166,0,1707,Steve Lowery,316,147,169
1988,166,0,2215,Paul Trittler,316,133,183
1988,168,0,1086,Roy Biancalana,317,166,151
1988,169,0,1826,Brian Mogg,318,154,164
1988,170,0,1179,Antonio Cerda,320,168,152
1988,171,0,1224,Jeff Coston,328,171,157
1988,172,0,1557,John Inman,334,162,172
1988,173,0,1468,Gary Hallberg,336,154,182
1988,173,0,2244,Fred Wadsworth,336,152,184
1988,175,0,1185,Brandel Chamblee,341,178,163
1988,176,0,1782,Mike McCullough,343,172,171
1988,177,0,1737,Mark Maness,347,168,179
1988,178,0,1476,Mike Hammond,348,181,167
1988,178,0,1964,Greg Powers,348,175,173
1988,180,0,1331,Rick Fehr,350,173,177
1988,181,0,1861,Jim Nelford,352,176,176
1988,182,0,1150,George Burns,358,180,178
1988,183,0,1214,Frank Conner,363,182,181
1988,184,0,2294,Willie Wood,365,185,180
1988,185,0,1236,Richard Cromwell,369,184,185
1987,1,0,1690,Bruce Lietzke,5,3,2
1987,2,0,1837,Gil Morgan,6,5,1
1987,3,0,1958,Dan Pohl,7,1,6
1987,4,0,2170,Hal Sutton,8,5,3
1987,5,0,1725,John Mahaffey,9,4,5
1987,6,0,1783,Mark McCumber,17,8,9
1987,7,0,1060,Dave Barr,24,14,10
1987,8,0,1156,Curt Byrum,30,13,17
1987,9,0,2256,Tom Watson,33,22,11
1987,10,0,1418,Bill Glasson,34,10,24
1987,11,0,1042,Paul Azinger,41,21,20
1987,11,0,2159,Curtis Strange,41,26,15
1987,13,0,1926,Steve Pate,44,8,36
1987,14,0,1682,Wayne Levi,46,42,4
1987,15,0,2100,Tim Simpson,49,41,8
1987,15,0,2241,Bobby Wadkins,49,28,21
1987,17,0,1975,Tom Purtzer,57,18,39
1987,18,0,1475,Donnie Hammond,61,23,38
1987,18,0,2190,Doug Tewell,61,37,24
1987,20,0,1945,Kenny Perry,62,44,18
1987,21,0,1203,Russ Cochran,63,50,13
1987,22,0,2023,Clarence Rose,64,34,30
1987,23,0,1457,Jay Haas,65,52,13
1987,23,0,2133,Craig Stadler,65,15,50
1987,25,0,1887,Mark O'Meara,69,53,16
1987,26,0,2101,Joey Sindelar,70,28,42
1987,27,0,1723,Andrew Magee,72,39,33
1987,28,0,1777,John McComish,73,46,27
1987,29,0,1549,Mike Hulbert,74,40,34
1987,30,0,1378,David Frost,77,32,45
1987,30,0,1527,Scott Hoch,77,54,23
1987,30,0,2033,Dave Rummells,77,18,59
1987,33,0,1226,Fred Couples,78,66,12
1987,34,0,1569,Peter Jacobsen,82,28,54
1987,34,0,1876,Greg Norman,82,20,62
1987,34,0,2246,Duffy Waldorf,82,38,44
1987,37,0,1771,Blaine McCallister,86,5,81
1987,37,0,2321,Fuzzy Zoeller,86,33,53
1987,39,0,1884,Mac O'Grady,87,55,32
1987,40,0,1288,Ed Dougherty,91,50,41
1987,41,0,1306,David Edwards,92,73,19
1987,42,0,2146,Payne Stewart,95,2,93
1987,43,0,1823,Larry Mize,96,36,60
1987,44,0,1996,Mike Reid,97,90,7
1987,45,0,1444,Ken Green,98,12,86
1987,46,0,1093,Ronnie Black,99,56,43
1987,47,0,1072,Chip Beck,100,24,76
1987,48,0,2255,Denis Watson,102,16,86
1987,49,0,1235,Ben Crenshaw,106,66,40
1987,50,0,1935,Calvin Peete,107,85,22
1987,51,0,1161,Mark Calcavecchia,108,16,92
1987,52,0,1305,Danny Edwards,109,64,45
1987,53,0,1717,Sandy Lyle,113,25,88
1987,54,0,1192,T.C. Chen,115,46,69
1987,55,0,1633,Tom Kite,117,66,51
1987,55,0,2225,Howard Twitty,117,69,48
1987,57,0,1797,Rocco Mediate,118,71,47
1987,57,0,1968,Nick Price,118,11,107
1987,59,0,2049,Gene Sauers,121,26,95
1987,59,0,2094,Tony Sills,121,59,62
1987,61,0,2087,Don Shirey Jr.,124,95,29
1987,62,0,1846,Jodie Mudd,125,42,83
1987,63,0,2180,Harry Taylor,126,95,31
1987,64,0,1157,Tom Byrum,129,73,56
1987,64,0,2104,Jeff Sluman,129,48,81
1987,66,0,1755,Dick Mast,138,72,66
1987,67,0,1706,Davis Love III,139,62,77
1987,68,0,1736,Roger Maltbie,142,28,114
1987,69,0,1135,Ken Brown,146,76,70
1987,69,0,1390,Buddy Gardner,146,80,66
1987,71,0,1864,Larry Nelson,148,45,103
1987,72,0,2242,Lanny Wadkins,150,114,36
1987,73,0,2322,Richard Zokol,152,126,26
1987,74,0,1068,Andy Bean,153,56,97
1987,74,0,2195,Leonard Thompson,153,80,73
1987,76,0,1206,Bobby Cole,154,120,34
1987,77,0,1998,Jack Renner,156,95,61
1987,78,0,1984,Sam Randolph,159,34,125
1987,79,0,1960,Don Pooley,160,76,84
1987,80,0,1361,Dan Forsman,162,87,75
1987,81,0,1666,Bernhard Langer,163,62,101
1987,82,0,2067,Ted Schulz,171,64,107
1987,83,0,1098,Jay Don Blake,173,80,93
1987,83,0,1201,Lennie Clements,173,145,28
1987,85,0,1559,Hale Irwin,174,69,105
1987,86,0,1150,George Burns,177,92,85
1987,87,0,2167,Mike Sullivan,178,49,129
1987,88,0,2196,Robert Thompson,179,125,54
1987,89,0,2223,Bob Tway,180,59,121
1987,90,0,1200,Keith Clearwater,181,123,58
1987,90,0,2099,Scott Simpson,181,107,74
1987,92,0,2267,D.A. Weibring,187,61,126
1987,93,0,1313,Steve Elkington,190,112,78
1987,93,0,1499,Mark Hayes,190,118,72
1987,93,0,2016,Bill Rogers,190,80,110
1987,96,0,1468,Gary Hallberg,191,78,113
1987,97,0,1168,David Canipe,192,130,62
1987,97,0,1197,Bobby Clampett,192,56,136
1987,99,0,1219,John Cook,193,93,100
1987,100,0,2111,Mike Smith,197,106,91
1987,101,0,1599,Steve Jones,204,87,117
1987,101,0,1891,David Ogrin,204,133,71
1987,103,0,2303,Robert Wrenn,206,87,119
1987,104,0,1303,Bob Eastwood,207,142,65
1987,104,0,1346,Ed Fiori,207,150,57
1987,106,0,1282,Trevor Dodds,209,112,97
1987,107,0,1096,Phil Blackmar,212,78,134
1987,107,0,1355,Raymond Floyd,212,133,79
1987,109,0,1175,Jim Carter,213,91,122
1987,110,0,2118,J.C. Snead,215,116,99
1987,111,0,1006,John Adams,216,104,112
1987,111,0,2010,Loren Roberts,216,126,90
1987,113,0,1469,Dan Halldorson,218,166,52
1987,113,0,2126,Bruce Soulsby,218,150,68
1987,115,0,1892,Aki Ohmachi,219,95,124
1987,116,0,1782,Mike McCullough,224,110,114
1987,116,0,1928,Corey Pavin,224,114,110
1987,118,0,1701,Bob Lohr,227,138,89
1987,119,0,2007,Larry Rinker,228,108,120
1987,120,0,2279,Mark Wiebe,229,85,144
1987,121,0,1715,Mark Lye,231,182,49
1987,122,0,1436,David Graham,232,75,157
1987,123,0,1877,Tim Norris,234,154,80
1987,124,0,1261,Jay Delsing,240,133,107
1987,125,0,1952,Billy Pierot,244,148,96
1987,126,0,1385,Jim Gallagher Jr.,246,101,145
1987,127,0,1129,Bill Britton,247,145,102
1987,127,0,2239,Scott Verplank,247,124,123
1987,129,0,1522,Lon Hinkle,250,108,142
1987,130,0,2041,Bill Sander,252,104,148
1987,131,0,1448,Tony Grimes,256,101,155
1987,132,0,1851,Bob Murphy,257,99,158
1987,132,0,2244,Fred Wadsworth,257,93,164
1987,134,0,1687,Jeff Lewis,259,99,160
1987,135,0,1446,Brad Greer,260,101,159
1987,135,0,1513,Denny Hepler,260,80,180
1987,137,0,1061,Ray Barr Jr.,263,157,106
1987,137,0,1329,Brad Faxon,263,130,133
1987,137,0,1878,Andy North,263,120,143
1987,140,0,1278,Andy Dillard,264,160,104
1987,141,0,1284,Mike Donald,267,117,150
1987,142,0,2160,Ron Streck,271,155,116
1987,143,0,1248,Rick Dalpos,275,126,149
1987,144,0,1179,Antonio Cerda,277,149,128
1987,144,0,1943,Chris Perry,277,159,118
1987,146,0,1425,Ernie Gonzalez,281,110,171
1987,147,0,1392,Tom Garner,282,145,137
1987,147,0,2229,Brett Upper,282,155,127
1987,149,0,1414,Bob Gilder,285,138,147
1987,149,0,1639,Kenny Knox,285,119,166
1987,151,0,1938,David Peoples,290,158,132
1987,152,0,1310,Dave Eichelberger,292,152,140
1987,153,0,1557,John Inman,293,142,151
1987,153,0,2002,John Riegger,293,120,173
1987,155,0,1037,Dewey Arnette,294,141,153
1987,156,0,2148,Ray Stewart,297,144,153
1987,157,0,1648,Billy Kratzert,299,169,130
1987,158,0,2090,Tom Sieckmann,300,133,167
1987,159,0,1871,Mike Nicolette,302,167,135
1987,160,0,1331,Rick Fehr,305,130,175
1987,160,0,1571,Barry Jaeckel,305,174,131
1987,162,0,1103,Charles Bolling,306,161,145
1987,162,0,1214,Frank Conner,306,168,138
1987,164,0,2287,Jim Wilson,307,126,181
1987,165,0,1039,Perry Arthur,312,137,175
1987,166,0,1196,Brian Claar,314,173,141
1987,167,0,2098,Jim Simons,316,153,163
1987,168,0,1443,Hubert Green,317,140,177
1987,169,0,2294,Willie Wood,319,180,139
1987,170,0,1641,Gary Koch,322,170,152
1987,171,0,1501,Vance Heafner,327,171,156
1987,172,0,1949,Mark Pfeil,331,162,169
1987,173,0,1077,Mike Bender,336,171,165
1987,174,0,2201,Jim Thorpe,337,176,161
1987,175,0,1323,Brad Fabel,338,176,162
1987,176,0,1654,Gary Krueger,345,175,170
1987,177,0,1495,Morris Hatalsky,347,164,183
1987,177,0,1534,John Horne,347,163,184
1987,179,0,1132,Mark Brooks,351,183,168
1987,179,0,1676,Ted Lehmann,351,164,187
1987,181,0,1162,Rex Caldwell,353,179,174
1987,182,0,1861,Jim Nelford,354,176,178
1987,183,0,1790,Pat McGowan,357,185,172
1987,184,0,1526,David Hobby,359,180,179
1987,185,0,1584,Doug Johnson,366,184,182
1987,186,0,1593,Philip Jonas,372,186,186
1987,186,0,2152,Dave Stockton,372,187,185
1987,188,0,1095,Woody Blackburn,375,187,188
