RANK,MOVEMENT,PLAYER_ID,PLAYER,VALUE,TOTAL DRV RANK,GIR RANK
1,0,46046,Scottie Scheffler,5,2,3
2,0,54576,Patrick Fishburn,6,5,1
3,0,51696,Rico Hoey,17,1,16
4,0,40026,Daniel Berger,26,14,12
5,0,46340,Alex Smalley,28,9,19
6,0,35310,Lanto Griffin,29,24,5
7,0,27064,Jhonattan Vegas,32,26,6
8,0,60067,Joe Highsmith,36,11,25
9,0,52375,Doug Ghim,38,34,4
10,0,34587,Chan Kim,40,22,18
11,0,50095,Austin Smotherman,42,40,2
11,0,32333,Kevin Tway,42,15,27
13,0,32757,Patton Kizzire,47,40,7
14,0,45242,Kevin Yu,50,40,10
15,0,39546,Keith Mitchell,51,28,23
16,0,39997,Corey Conners,54,28,26
17,0,48081,Xander Schauffele,55,20,35
18,0,46414,Aaron Rai,56,47,9
19,0,48867,Matti Schmid,59,17,42
20,0,30163,Henrik Norlander,63,55,8
21,0,52372,Cameron Champ,70,3,67
22,0,50484,Hayden Springer,71,23,48
23,0,52513,Carson Young,72,28,44
24,0,40006,Erik van Rooyen,74,36,38
25,0,52955,Ludvig Åberg,77,4,73
25,0,59143,Mac Meissner,77,43,34
27,0,58168,Davis Thompson,80,21,59
28,0,34076,Joel Dahmen,81,66,15
29,0,51977,Max Greyserman,91,31,60
29,0,39324,J.J. Spaun,91,75,16
31,0,55893,Sam Stevens,97,66,31
32,0,36871,Matt NeSmith,99,79,20
33,0,29535,Brice Garnett,100,86,14
33,0,48117,Kurt Kitayama,100,46,54
33,0,36884,Ben Kohles,100,68,32
36,0,59836,Pierceson Coody,101,43,58
36,0,30911,Tommy Fleetwood,101,7,94
38,0,33141,Keegan Bradley,110,15,95
38,0,47988,Nick Hardy,110,88,22
40,0,33204,Shane Lowry,115,17,98
41,0,28252,Seamus Power,116,37,79
42,0,47663,Kevin Dougherty,118,62,56
42,0,51349,Nico Echavarria,118,88,30
44,0,48319,Tom Whitney,119,70,49
45,0,36699,Patrick Rodgers,120,82,38
46,0,32791,K.H. Lee,121,34,87
46,0,51890,Greyson Sigg,121,110,11
48,0,34255,Joseph Bramlett,123,86,37
48,0,48084,Wesley Bryan,123,82,41
48,0,28775,Nate Lashley,123,88,35
51,0,57362,Austin Eckroat,125,8,117
51,0,51070,Vincent Norrman,125,55,70
53,0,45609,Tyler Duncan,127,37,90
53,0,29725,Tony Finau,127,75,52
53,0,54628,Lee Hodges,127,53,74
56,0,46717,Viktor Hovland,128,45,83
57,0,34563,Chesson Hadley,133,70,63
58,0,34021,Bud Cauley,134,113,21
59,0,32070,Rafael Campos,135,69,66
60,0,36799,Stephan Jaeger,136,13,123
61,0,49960,Sepp Straka,139,47,92
62,0,34099,Harris English,140,12,128
62,0,28237,Rory McIlroy,140,6,134
62,0,34046,Jordan Spieth,140,10,130
65,0,25900,Lucas Glover,142,92,50
65,0,46442,Maverick McNealy,142,64,78
67,0,27330,Josh Teater,143,79,64
68,0,36801,Mark Hubbard,145,73,72
69,0,35461,Beau Hossler,147,102,45
69,0,26596,Ryan Moore,147,92,55
69,0,57366,Cameron Young,147,31,116
72,0,51287,Ryo Hisatsune,149,126,23
73,0,40115,Adam Svensson,150,59,91
74,0,56630,Akshay Bhatia,151,27,124
75,0,40250,Taylor Pendrith,154,57,97
76,0,26476,Chez Reavie,157,107,50
77,0,30926,Chris Kirk,158,25,133
77,0,27214,Kevin Streelman,158,82,76
77,0,50493,Justin Suh,158,62,96
80,0,55182,Tom Kim,164,47,117
81,0,39975,Michael Kim,165,137,28
82,0,29420,Billy Horschel,166,61,105
83,0,47504,Sam Burns,170,17,153
84,0,54421,Garrick Higgo,172,92,80
85,0,50525,Collin Morikawa,174,31,143
85,0,39327,Ben Silverman,174,145,29
87,0,47983,Chad Ramey,175,118,57
88,0,48153,Matthieu Pavon,179,53,126
88,0,51634,Sahith Theegala,179,99,80
90,0,51997,Andrew Novak,180,167,13
91,0,33948,Byeong Hun An,181,92,89
91,0,47679,Victor Perez,181,120,61
93,0,49947,Taylor Moore,183,75,108
94,0,55708,Hayden Buckley,184,52,132
94,0,37378,Min Woo Lee,184,47,137
94,0,27349,Alex Noren,184,116,68
97,0,37275,Sam Ryder,189,107,82
98,0,27139,David Skinns,190,157,33
99,0,28420,Ryan Brehm,192,73,119
100,0,59095,Chris Gotterup,193,107,86
100,0,34256,Andrew Putnam,193,140,53
102,0,27129,Luke List,195,118,77
103,0,60004,Jacob Bridgeman,199,135,64
104,0,37455,Si Woo Kim,201,64,137
105,0,24502,Adam Scott,202,92,110
106,0,46113,Ryan McCormick,204,142,62
107,0,29908,C.T. Pan,205,121,84
107,0,31323,Gary Woodland,205,92,113
109,0,40162,Justin Lower,206,163,43
110,0,32366,Kevin Chappell,207,137,70
110,0,55454,Carl Yuan,207,37,170
112,0,54591,Ben Griffin,211,171,40
113,0,56149,Wilson Furr,214,110,104
114,0,51766,Wyndham Clark,215,75,140
114,0,39971,Sungjae Im,215,70,145
114,0,23320,Ryan Palmer,215,47,168
117,0,52514,Trace Crowe,217,114,103
118,0,27644,Brian Harman,219,88,131
119,0,27936,Martin Laird,220,173,47
120,0,48887,Matt Wallace,221,175,46
121,0,45157,Cam Davis,222,59,163
121,0,12716,Charley Hoffman,222,124,98
123,0,32640,Troy Merritt,224,103,121
124,0,40058,Zac Blair,226,124,102
124,0,33486,Roger Sloan,226,133,93
124,0,54783,Dylan Wu,226,152,74
127,0,36326,David Lipsky,227,159,68
128,0,34098,Russell Henley,229,79,150
129,0,37212,Paul Barjon,230,57,173
130,0,47420,Jake Knapp,234,98,136
130,0,23108,Matt Kuchar,234,128,106
130,0,49771,J.T. Poston,234,114,120
133,0,40098,Matt Fitzpatrick,237,82,155
134,0,35532,Tom Hoge,240,153,87
134,0,33448,Justin Thomas,240,105,135
136,0,47483,Will Zalatoris,242,101,141
137,0,24024,Zach Johnson,245,130,115
138,0,47347,Adam Schenk,247,103,144
139,0,52374,Brandon Wu,249,164,85
140,0,32367,Jorge Campillo,250,140,110
140,0,51894,Vince Whaley,250,150,100
142,0,38991,Alejandro Tosti,253,105,148
143,0,29936,Ryan Fox,255,128,127
143,0,57900,Chandler Phillips,255,116,139
145,0,48699,Callum Tarren,256,149,107
146,0,52215,Robert MacIntyre,260,135,125
146,0,32839,Hideki Matsuyama,260,160,100
148,0,28089,Jason Day,263,99,164
148,0,57975,Harry Hall,263,155,108
150,0,50497,Adrien Dumont de Chassart,271,157,114
150,0,31646,Emiliano Grillo,271,142,129
152,0,52453,Nicolai Højgaard,272,126,146
153,0,22405,Justin Rose,277,110,167
154,0,33399,Adam Hadwin,281,130,151
155,0,59442,Parker Coody,283,161,122
156,0,60767,Blaine Hale Jr.,284,142,142
157,0,59866,Nick Dunlap,287,130,157
158,0,33653,Thomas Detry,288,122,166
159,0,52666,Sami Valimaki,292,145,147
160,0,30927,Brendon Todd,293,122,171
160,0,27770,Camilo Villegas,293,181,112
162,0,32102,Rickie Fowler,296,147,149
163,0,47995,Davis Riley,303,147,156
164,0,35450,Patrick Cantlay,305,134,171
165,0,25493,Nick Taylor,313,161,152
166,0,50188,S.H. Kim,316,139,177
167,0,33408,Tyson Alexander,319,150,169
168,0,33968,Thorbjørn Olesen,322,164,158
169,0,39977,Max Homa,327,168,159
169,0,46441,Robby Shelton,327,174,153
171,0,47993,Denny McCarthy,331,156,175
172,0,27649,Brandt Snedeker,333,172,161
173,0,29221,Webb Simpson,334,154,180
174,0,48119,Ben Taylor,336,177,159
175,0,35506,Mackenzie Hughes,341,179,162
176,0,35617,Martin Trainer,344,166,178
177,0,22371,Aaron Baddeley,346,181,165
177,0,29478,Kevin Kisner,346,170,176
179,0,34374,Erik Barnes,349,168,181
180,0,47591,Eric Cole,350,176,174
181,0,45522,Christiaan Bezuidenhout,357,178,179
182,0,34466,Peter Malnati,362,180,182
183,0,47806,Raul Pereda,365,181,184
184,0,55789,Taylor Montgomery,367,184,183