RANK,MOVEMENT,PLAYER_ID,PLAYER,COMBINED RANK,CARRY EFFICIENCY RANK,TOTAL DIST. EFFIC. RANK
1,0,25493,Nick Taylor,6,4,2
2,0,49960,Sepp Straka,11,7,4
3,0,32139,Danny Willett,15,3,12
4,2,29221,Webb Simpson,17,11,6
5,-1,33449,Zack Sucher,18,8,10
6,-1,39324,J.J. Spaun,20,6,14
7,0,30925,Dustin Johnson,27,13,14
8,1,35891,Cameron Smith,28,26,2
9,-1,35461,Beau Hossler,31,12,19
10,0,33410,Andrew Landry,32,27,5
10,0,28237,Rory McIlroy,32,2,30
12,0,29268,Bronson Burgoon,37,9,28
13,0,46435,Austin Cook,38,21,17
13,1,37189,Harold Varner III,38,37,1
15,-1,23623,Bo Van Pelt,39,22,17
16,0,30911,Tommy Fleetwood,43,1,42
17,1,35449,Adam Long,48,9,39
18,-1,33948,Byeong Hun An,50,15,35
19,0,32448,James Hahn,52,14,38
20,0,26329,Louis Oosthuizen,53,39,14
21,3,33141,Keegan Bradley,57,4,53
21,1,35450,Patrick Cantlay,57,48,9
21,0,34563,Chesson Hadley,57,33,24
24,-2,27974,Sung Kang,58,38,20
25,1,30944,Jason Kokrak,64,16,48
26,1,26758,David Hearn,68,48,20
26,2,28775,Nate Lashley,68,60,8
28,0,47128,Richy Werenski,69,45,24
29,1,26476,Chez Reavie,70,57,13
30,1,28307,Matt Every,72,16,56
31,1,33399,Adam Hadwin,74,29,45
32,0,28679,Fabi치n G칩mez,76,66,10
32,2,34046,Jordan Spieth,76,34,42
34,1,52375,Doug Ghim,77,32,45
35,1,33120,Mark Anderson,82,45,37
36,1,49964,Aaron Wise,83,22,61
37,2,48887,Matt Wallace,84,20,64
38,8,46717,Viktor Hovland,91,31,60
38,2,46441,Robby Shelton,91,59,32
40,3,27649,Brandt Snedeker,92,48,44
41,4,23108,Matt Kuchar,93,52,41
41,0,25349,Tim Wilkinson,93,66,27
43,-1,26499,Rafa Cabrera Bello,94,66,28
44,-1,27644,Brian Harman,95,71,24
45,2,27330,Josh Teater,97,22,75
46,-8,32839,Hideki Matsuyama,99,43,56
47,1,34098,Russell Henley,102,82,20
47,4,23320,Ryan Palmer,102,53,49
47,1,46970,Jon Rahm,102,27,75
50,-2,25364,Paul Casey,103,71,32
50,2,29926,Danny Lee,103,29,74
52,3,32640,Troy Merritt,108,41,67
53,3,29970,Dylan Frittelli,113,41,72
54,2,32102,Rickie Fowler,115,19,96
54,0,50525,Collin Morikawa,115,45,70
56,2,56278,Matthew Wolff,117,34,83
57,7,47959,Bryson DeChambeau,124,22,102
58,2,25818,Scott Piercy,126,96,30
59,3,35230,Nelson Ledesma,127,34,93
60,1,45157,Cam Davis,128,18,110
60,3,31420,Anirban Lahiri,128,77,51
62,2,31560,Brian Stuard,129,106,23
63,3,29535,Brice Garnett,130,77,53
64,3,33448,Justin Thomas,131,56,75
65,-6,34363,Tyrrell Hatton,133,58,75
66,2,27936,Martin Laird,144,77,67
67,1,19846,Brian Gay,146,85,61
68,0,32791,K.H. Lee,147,88,59
69,3,29908,C.T. Pan,151,98,53
70,3,34076,Joel Dahmen,154,103,51
71,3,49766,Hank Lebioda,155,74,81
72,3,23325,Vaughn Taylor,162,66,96
73,8,31646,Emiliano Grillo,164,81,83
73,3,24502,Adam Scott,164,132,32
75,2,47504,Sam Burns,165,64,101
75,2,10809,Jim Furyk,165,159,6
77,4,34021,Bud Cauley,166,99,67
77,2,45609,Tyler Duncan,166,103,63
77,2,25632,Jimmy Walker,166,44,122
80,4,34099,Harris English,167,84,83
81,-10,29420,Billy Horschel,168,85,83
82,1,22056,Cameron Percy,169,99,70
83,2,34255,Joseph Bramlett,173,60,113
84,2,22405,Justin Rose,175,53,122
85,2,33486,Roger Sloan,176,40,136
86,3,23621,Rory Sabbatini,177,96,81
87,2,49771,J.T. Poston,178,74,104
87,5,32150,Michael Thompson,178,66,112
87,0,35617,Martin Trainer,178,51,127
90,2,24024,Zach Johnson,179,90,89
91,-2,45526,Abraham Ancer,181,132,49
92,5,21407,Arjun Atwal,182,99,83
92,4,27963,Chris Stroud,182,64,118
94,-2,35506,Mackenzie Hughes,185,60,125
94,4,32757,Patton Kizzire,185,53,132
96,4,19803,Ryan Armour,188,153,35
96,-1,30927,Brendon Todd,188,143,45
96,5,23788,D.J. Trahan,188,113,75
99,3,30110,Kyle Stanley,193,137,56
100,3,39997,Corey Conners,194,105,89
101,5,01810,Phil Mickelson,197,60,137
102,5,39953,Chase Seiffert,198,109,89
103,1,33204,Shane Lowry,199,93,106
104,4,33490,Bo Hoag,202,130,72
105,6,40058,Zac Blair,203,139,64
105,3,27214,Kevin Streelman,203,77,126
107,-3,48081,Xander Schauffele,204,111,93
107,3,48119,Ben Taylor,204,74,130
109,3,37455,Si Woo Kim,205,139,66
110,3,21961,Charles Howell III,207,109,98
111,3,40042,Tyler McCumber,211,93,118
112,2,34314,Sebastian Cappelen,212,85,127
112,4,47993,Denny McCarthy,212,106,106
114,3,33667,Carlos Ortiz,213,124,89
114,6,46046,Scottie Scheffler,213,113,100
116,2,12716,Charley Hoffman,215,122,93
117,2,26596,Ryan Moore,221,182,39
118,4,35732,Wes Roach,224,111,113
119,2,24924,Bill Haas,225,71,154
120,3,28089,Jason Day,227,90,137
121,4,35532,Tom Hoge,229,116,113
121,3,36871,Matthew NeSmith,229,88,141
123,3,33122,Russell Knox,231,125,106
124,3,29518,Brendan Steele,232,90,142
125,6,34431,Robert Streb,241,132,109
126,5,34466,Peter Malnati,242,95,147
126,7,34213,Grayson Murray,242,120,122
128,7,29479,Scott Brown,247,127,120
129,5,51766,Wyndham Clark,248,102,146
129,6,49298,Kramer Hickok,248,135,113
131,-1,29478,Kevin Kisner,249,128,121
132,5,25686,Jason Dufner,250,147,103
132,6,25900,Lucas Glover,250,162,88
132,-3,39971,Sungjae Im,250,106,144
135,4,40098,Matt Fitzpatrick,253,143,110
135,5,36689,Brooks Koepka,253,82,171
137,4,25572,Graeme McDowell,256,143,113
138,3,26851,Marc Leishman,258,178,80
139,4,27556,Ted Potter Jr.,260,116,144
140,4,33404,Chris Baker,261,113,148
141,4,32366,Kevin Chappell,262,120,142
142,4,33597,Harry Higgs,266,116,150
143,4,30163,Henrik Norlander,267,135,132
144,4,53165,Doc Redman,276,125,151
145,5,40026,Daniel Berger,278,174,104
146,3,46442,Maverick McNealy,282,184,98
147,4,33413,Ben Martin,284,155,129
148,4,39977,Max Homa,288,123,165
149,4,27095,Nick Watney,290,128,162
150,3,26300,Matt Jones,291,142,149
150,3,39546,Keith Mitchell,291,139,152
152,4,28420,Ryan Brehm,298,116,182
153,5,40009,Dominic Bozzelli,302,138,164
153,4,36699,Patrick Rodgers,302,149,153
155,4,35658,Kris Ventura,308,131,177
156,6,30692,Scott Stallings,309,150,159
157,3,22371,Aaron Baddeley,310,155,155
158,2,24138,Ian Poulter,313,182,131
159,4,35310,Lanto Griffin,317,185,132
160,3,29974,Branden Grace,318,181,137
161,5,48045,Michael Gellerman,319,154,165
162,3,27554,Scott Harrington,321,146,175
163,5,32618,Rhein Gibson,322,151,171
163,8,28252,Seamus Power,322,187,135
163,4,32254,Xinjun Zhang,322,167,155
166,3,25804,Bubba Watson,323,165,158
167,2,21209,Sergio Garcia,324,162,162
168,4,27942,Rob Oppenheim,328,191,137
169,11,29725,Tony Finau,332,159,173
170,2,36801,Mark Hubbard,333,178,155
171,8,46402,Talor Gooch,336,168,168
171,6,24361,Pat Perez,336,148,188
171,6,27064,Jhonattan Vegas,336,171,165
171,4,51894,Vince Whaley,336,161,175
171,5,31323,Gary Woodland,336,158,178
176,-2,48822,Sebasti치n Mu침oz,339,170,169
177,3,20229,Stewart Cink,341,162,179
178,5,56762,Will Gordon,342,155,187
179,6,27349,Alex Noren,343,151,192
180,4,25396,Kevin Na,345,172,173
181,5,31557,Jim Herman,346,186,160
182,6,45486,Joaquin Niemann,350,190,160
182,4,33419,Cameron Tringale,350,165,185
184,5,37275,Sam Ryder,352,168,184
185,-3,52372,Cameron Champ,357,187,170
186,4,32333,Kevin Tway,358,178,180
187,4,27129,Luke List,359,173,186
188,4,32662,Michael Gligic,365,175,190
188,4,46550,Brandon Hagy,365,176,189
190,4,29484,Peter Uihlein,368,177,191
191,5,47347,Adam Schenk,370,187,183
192,5,34360,Patrick Reed,372,192,180
193,8,34256,Andrew Putnam,386,193,193